day,date,sport,time,edző,klub
Kedd,2025-10-07,Funkcionális köredzés,06:30-07:30,Dán Vanda,allee
Szerda,2025-10-08,Stretching,06:30-07:30,Dán Vanda,allee
Csütörtök,2025-10-09,Funkcionális köredzés,06:30-07:30,Dán Vanda,allee
Kedd,2025-10-07,Pilates.,07:00-08:00,Angyal Mercédesz ,allee
Csütörtök,2025-10-09,Pilates.,07:00-08:00,Oli Renáta,allee
Szombat,2025-10-11,Alakformáló,09:00-10:00,Dobos Fanny,allee
Szombat,2025-10-11,Funkcionális köredzés,09:00-10:00,Serrano Gergő HU/EN,allee
Hétfő,2025-10-06,Hot Iron I,10:00-11:00,Dobos Fanny,allee
Szerda,2025-10-08,Hot Iron I,10:00-11:00,Dobos Fanny,allee
Csütörtök,2025-10-09,Gerinctorna+stretching,10:00-11:00,Kovács Laura,allee
Péntek,2025-10-10,Hot Iron I,10:00-11:00,Dobos Fanny,allee
Szombat,2025-10-11,Cross Training,10:00-11:00,Serrano Gergő HU/EN,allee
Szombat,2025-10-11,Hot Iron I,10:00-11:00,Dobos Fanny,allee
Vasárnap,2025-10-12,Alakformáló,10:00-11:00,Dobos Fanny,allee
Vasárnap,2025-10-12,Pilates.,10:00-11:00,Reitter Zsófia,allee
Hétfő,2025-10-06,Senior torna,11:00-12:00,Béres Réka,allee
Kedd,2025-10-07,Stretching.,11:00-12:00,Kovács Laura,allee
Szerda,2025-10-08,Gerinctorna,11:00-12:00,Dobos Fanny,allee
Csütörtök,2025-10-09,Senior torna,11:00-12:00,Béres Réka,allee
Péntek,2025-10-10,Gerinctorna.,11:00-12:00,Kovács Laura,allee
Szombat,2025-10-11,Stretching.,11:00-12:00,Dobos Fanny,allee
Vasárnap,2025-10-12,Funkcionális köredzés,11:00-12:00,Jónás Gergely,allee
Vasárnap,2025-10-12,KORCE mobility+stability,11:00-12:00,Dobos Fanny,allee
Hétfő,2025-10-06,Alakformáló,12:00-13:00,Béres Réka,allee
Kedd,2025-10-07,Alakformáló,12:00-13:00,Kovács Laura,allee
Szerda,2025-10-08,Alakformáló,12:00-13:00,Dobos Fanny,allee
Csütörtök,2025-10-09,Alakformáló,12:00-13:00,Béres Réka,allee
Péntek,2025-10-10,Alakformáló,12:00-13:00,Kovács Laura,allee
Kedd,2025-10-07,Alakformáló,16:00-17:00,Dobos Fanny,allee
Kedd,2025-10-07,Zumba,16:30-17:30,Oli Renáta,allee
Csütörtök,2025-10-09,Alakformáló,16:00-17:00,Dobos Fanny,allee
Csütörtök,2025-10-09,Zumba,16:30-17:30,Oli Renáta,allee
Hétfő,2025-10-06,Alakformáló,17:00-18:00,Szalma Borka,allee
Hétfő,2025-10-06,Cross Training,17:00-18:00,Kalamár Eszter,allee
Hétfő,2025-10-06,Gerinctorna+stretching.,17:30-18:30,Heiszer Eszter,allee
Kedd,2025-10-07,Hot Iron I,17:00-18:00,Dobos Fanny,allee
Kedd,2025-10-07,Cross Training,17:15-18:15,Kovács Anikó HU/EN,allee
Kedd,2025-10-07,Pilates.,17:30-18:30,Oli Renáta,allee
Szerda,2025-10-08,Alakformáló,17:00-18:00,Kalamár Eszter,allee
Szerda,2025-10-08,Funkcionális köredzés,17:15-18:15,Gerő Luca,allee
Szerda,2025-10-08,Jóga,17:30-18:30,Erdős Réka ,allee
Csütörtök,2025-10-09,Hot Iron I,17:00-18:00,Dobos Fanny,allee
Csütörtök,2025-10-09,Cross Training,17:15-18:15,Kovács Anikó HU/EN,allee
Csütörtök,2025-10-09,Pilates.,17:30-18:30,Oli Renáta,allee
Péntek,2025-10-10,Alakformáló,17:00-18:00,Dobos Fanny,allee
Péntek,2025-10-10,Zumba,17:30-18:30,Jámbor Bea,allee
Szombat,2025-10-11,Pilates.,17:30-18:30,Reitter Zsófia,allee
Vasárnap,2025-10-12,Hot Iron I,17:00-18:00,Dobos Fanny,allee
Hétfő,2025-10-06,Cardio Kick-box,18:00-19:00,Kalamár Eszter,allee
Hétfő,2025-10-06,Yin  jóga,18:30-19:30,Kovács Rózsa ,allee
Kedd,2025-10-07,Alakformáló,18:00-19:00,Dobos Fanny,allee
Kedd,2025-10-07,TRX köredzés,18:15-19:15,Kovács Anikó HU/EN,allee
Kedd,2025-10-07,Gerinctorna.,18:30-19:30,Böröcz Anita,allee
Szerda,2025-10-08,Cardio Kick-box,18:00-19:00,Kalamár Eszter,allee
Szerda,2025-10-08,TRX,18:15-19:15,Jónás Gergely,allee
Szerda,2025-10-08,Pilates.,18:30-19:30,Gerő Luca,allee
Csütörtök,2025-10-09,Alakformáló,18:00-19:00,Dobos Fanny,allee
Csütörtök,2025-10-09,TRX köredzés,18:15-19:15,Kovács Anikó HU/EN,allee
Csütörtök,2025-10-09,Gerinctorna.,18:30-19:30,Böröcz Anita,allee
Péntek,2025-10-10,Funkcionális köredzés,18:00-19:00,Vujicsity Viktória,allee
Péntek,2025-10-10,Hot Iron I,18:00-19:00,Dobos Fanny,allee
Vasárnap,2025-10-12,Alakformáló,18:00-19:00,Dobos Fanny,allee
Hétfő,2025-10-06,Zsírégető,19:00-20:00,Kalamár Eszter,allee
Hétfő,2025-10-06,Funkcionális köredzés,19:15-20:15,Vujicsity Viktória,allee
Hétfő,2025-10-06,Pilates.,19:30-20:30,Kovács Rózsa ,allee
Kedd,2025-10-07,Zsírégető,19:00-20:00,Paulovics Adrienn,allee
Kedd,2025-10-07,Funkcionális köredzés,19:15-20:15,Vujicsity Viktória,allee
Kedd,2025-10-07,Dinamikus jóga,19:30-20:30,Erdős Réka ,allee
Szerda,2025-10-08,Zsírégető,19:00-20:00,Kalamár Eszter,allee
Szerda,2025-10-08,Cross Training,19:15-20:15,Serrano Gergő HU/EN,allee
Csütörtök,2025-10-09,Zsírégető,19:00-20:00,Paulovics Adrienn,allee
Csütörtök,2025-10-09,Funkcionális köredzés,19:15-20:15,Sánta Stella HU/EN,allee
Csütörtök,2025-10-09,Dinamikus jóga,19:30-20:30,Erdős Réka ,allee
Péntek,2025-10-10,Kezdő dance step,19:00-20:00,Harnos Erika ,allee
Péntek,2025-10-10,Stretching.,19:00-20:00,Dobos Fanny,allee
Hétfő,2025-10-06,Hot Iron I,20:00-21:00,Dobos Fanny,allee
Kedd,2025-10-07,Gerinctorna,20:00-21:00,Paulovics Adrienn,allee
Szerda,2025-10-08,Hot Iron I,20:00-21:00,Dobos Fanny,allee
Csütörtök,2025-10-09,Gerinctorna+stretching,20:00-21:00,Paulovics Adrienn,allee
Szerda,2025-10-15,Stretching,06:30-07:30,Dán Vanda,allee
Csütörtök,2025-10-16,Funkcionális köredzés,06:30-07:30,Dán Vanda,allee
Hétfő,2025-10-13,Alakformáló,07:30-08:30,Virág Vera,allee
Kedd,2025-10-14,Pilates.,07:00-08:00,Oli Renáta,allee
Szerda,2025-10-15,Alakformáló,07:30-08:30,Virág Vera,allee
Csütörtök,2025-10-16,Pilates.,07:00-08:00,Oli Renáta,allee
Szombat,2025-10-18,Alakformáló,09:00-10:00,Dobos Fanny,allee
Szombat,2025-10-18,Funkcionális köredzés,09:00-10:00,Serrano Gergő HU/EN,allee
Hétfő,2025-10-13,Hot Iron I,10:00-11:00,Dobos Fanny,allee
Szerda,2025-10-15,Hot Iron I,10:00-11:00,Dobos Fanny,allee
Csütörtök,2025-10-16,Gerinctorna+stretching,10:00-11:00,Kovács Laura,allee
Péntek,2025-10-17,Hot Iron I,10:00-11:00,Dobos Fanny,allee
Szombat,2025-10-18,Cross Training,10:00-11:00,Serrano Gergő HU/EN,allee
Szombat,2025-10-18,Hot Iron I,10:00-11:00,Dobos Fanny,allee
Vasárnap,2025-10-19,Alakformáló,10:00-11:00,Dobos Fanny,allee
Vasárnap,2025-10-19,Pilates.,10:00-11:00,Kárpáti Ildikó HU/EN,allee
Hétfő,2025-10-13,Senior torna,11:00-12:00,Béres Réka,allee
Kedd,2025-10-14,Stretching.,11:00-12:00,Kovács Laura,allee
Szerda,2025-10-15,Gerinctorna,11:00-12:00,Dobos Fanny,allee
Csütörtök,2025-10-16,Senior torna,11:00-12:00,Béres Réka,allee
Péntek,2025-10-17,Gerinctorna.,11:00-12:00,Kovács Laura,allee
Szombat,2025-10-18,Stretching.,11:00-12:00,Dobos Fanny,allee
Vasárnap,2025-10-19,Funkcionális köredzés,11:00-12:00,Jónás Gergely,allee
Vasárnap,2025-10-19,KORCE mobility+stability,11:00-12:00,Dobos Fanny,allee
Hétfő,2025-10-13,Alakformáló,12:00-13:00,Béres Réka,allee
Kedd,2025-10-14,Alakformáló,12:00-13:00,Kovács Laura,allee
Szerda,2025-10-15,Alakformáló,12:00-13:00,Dobos Fanny,allee
Csütörtök,2025-10-16,Alakformáló,12:00-13:00,Béres Réka,allee
Péntek,2025-10-17,Alakformáló,12:00-13:00,Kovács Laura,allee
Kedd,2025-10-14,Alakformáló,16:00-17:00,Dobos Fanny,allee
Kedd,2025-10-14,Zumba,16:30-17:30,Oli Renáta,allee
Csütörtök,2025-10-16,Alakformáló,16:00-17:00,Dobos Fanny,allee
Csütörtök,2025-10-16,Zumba,16:30-17:30,Oli Renáta,allee
Vasárnap,2025-10-19,Funkcionális köredzés,16:30-17:30,Virág Vera,allee
Hétfő,2025-10-13,Alakformáló,17:00-18:00,Szalma Borka,allee
Hétfő,2025-10-13,Cross Training,17:00-18:00,Kalamár Eszter,allee
Hétfő,2025-10-13,Gerinctorna+stretching.,17:30-18:30,Heiszer Eszter,allee
Kedd,2025-10-14,Hot Iron I,17:00-18:00,Dobos Fanny,allee
Kedd,2025-10-14,Cross Training,17:15-18:15,Kovács Anikó HU/EN,allee
Kedd,2025-10-14,Pilates.,17:30-18:30,Oli Renáta,allee
Szerda,2025-10-15,Alakformáló,17:00-18:00,Kalamár Eszter,allee
Szerda,2025-10-15,Funkcionális köredzés,17:15-18:15,Gerő Luca,allee
Szerda,2025-10-15,Gerinctorna+stretching.,17:30-18:30,Heiszer Eszter,allee
Csütörtök,2025-10-16,Hot Iron I,17:00-18:00,Dobos Fanny,allee
Csütörtök,2025-10-16,Cross Training,17:15-18:15,Kovács Anikó HU/EN,allee
Csütörtök,2025-10-16,Pilates.,17:30-18:30,Oli Renáta,allee
Péntek,2025-10-17,Alakformáló,17:00-18:00,Dobos Fanny,allee
Péntek,2025-10-17,Zumba,17:30-18:30,Jámbor Bea,allee
Szombat,2025-10-18,Pilates.,17:30-18:30,Kárpáti Ildikó HU/EN,allee
Vasárnap,2025-10-19,Hot Iron I,17:00-18:00,Dobos Fanny,allee
Hétfő,2025-10-13,Cardio Kick-box,18:00-19:00,Kalamár Eszter,allee
Hétfő,2025-10-13,Yin  jóga,18:30-19:30,Kovács Rózsa ,allee
Kedd,2025-10-14,Alakformáló,18:00-19:00,Dobos Fanny,allee
Kedd,2025-10-14,TRX köredzés,18:15-19:15,Kovács Anikó HU/EN,allee
Kedd,2025-10-14,Gerinctorna.,18:30-19:30,Tordai Luca,allee
Szerda,2025-10-15,Cardio Kick-box,18:00-19:00,Kalamár Eszter,allee
Szerda,2025-10-15,TRX,18:15-19:15,Jónás Gergely,allee
Szerda,2025-10-15,Pilates.,18:30-19:30,Gerő Luca,allee
Csütörtök,2025-10-16,Alakformáló,18:00-19:00,Dobos Fanny,allee
Csütörtök,2025-10-16,TRX köredzés,18:15-19:15,Kovács Anikó HU/EN,allee
Péntek,2025-10-17,Funkcionális köredzés,18:00-19:00,Vujicsity Viktória,allee
Péntek,2025-10-17,Hot Iron I,18:00-19:00,Dobos Fanny,allee
Vasárnap,2025-10-19,Alakformáló,18:00-19:00,Dobos Fanny,allee
Hétfő,2025-10-13,Zsírégető,19:00-20:00,Kalamár Eszter,allee
Hétfő,2025-10-13,Funkcionális köredzés,19:15-20:15,Vujicsity Viktória,allee
Hétfő,2025-10-13,Pilates.,19:30-20:30,Kovács Rózsa ,allee
Kedd,2025-10-14,Zsírégető,19:00-20:00,Paulovics Adrienn,allee
Kedd,2025-10-14,Funkcionális köredzés,19:15-20:15,Vujicsity Viktória,allee
Kedd,2025-10-14,Stretching,19:30-20:30,Dobos Fanny,allee
Szerda,2025-10-15,Zsírégető,19:00-20:00,Kalamár Eszter,allee
Szerda,2025-10-15,Cross Training,19:15-20:15,Szentgyörgyi Lilien,allee
Csütörtök,2025-10-16,Zsírégető,19:00-20:00,Paulovics Adrienn,allee
Csütörtök,2025-10-16,Funkcionális köredzés,19:15-20:15,Kovács Laura,allee
Csütörtök,2025-10-16,Stretching,19:30-20:30,Dobos Fanny,allee
Péntek,2025-10-17,Kezdő dance step,19:00-20:00,Harnos Erika ,allee
Péntek,2025-10-17,Stretching.,19:00-20:00,Dobos Fanny,allee
Péntek,2025-10-17,TRX köredzés,19:00-20:00,Vujicsity Viktória,allee
Hétfő,2025-10-13,Hot Iron I,20:00-21:00,Dobos Fanny,allee
Kedd,2025-10-14,Gerinctorna,20:00-21:00,Paulovics Adrienn,allee
Szerda,2025-10-15,Hot Iron I,20:00-21:00,Dobos Fanny,allee
Csütörtök,2025-10-16,Gerinctorna+stretching,20:00-21:00,Paulovics Adrienn,allee
Szerda,2025-10-08,KRAV-MAGA,06:00-07:30,Sira Gyula,nyugati
Csütörtök,2025-10-09,KRAV-MAGA,06:00-07:30,Sira Gyula,nyugati
Péntek,2025-10-10,Cross Training,06:45-07:45,Kárpáti Ildikó HU/EN,nyugati
Hétfő,2025-10-06,Alakformáló,07:00-08:00,Borbély Beatrix,nyugati
Hétfő,2025-10-06,Funkcionális köredzés,07:15-08:15,Vatamány Krisztina ,nyugati
Hétfő,2025-10-06,Mobility Yoga,07:30-08:30,Antal Laura HU/EN,nyugati
Kedd,2025-10-07,Dinamikus pilates,07:30-08:30,Antal Laura HU/EN,nyugati
Kedd,2025-10-07,Indoor Cycling ICG,07:45-08:45,Králik Eszter HU/EN,nyugati
Szerda,2025-10-08,Alakformáló,07:00-08:00,Borbély Beatrix,nyugati
Szerda,2025-10-08,Funkcionális köredzés,07:15-08:15,Vatamány Krisztina ,nyugati
Péntek,2025-10-10,TRX köredzés,07:45-08:45,Kárpáti Ildikó HU/EN,nyugati
Péntek,2025-10-10,Dinamikus pilates,08:00-09:00,Antal Laura HU/EN,nyugati
Szombat,2025-10-11,KRAV-MAGA,08:00-09:30,Sira Gyula,nyugati
Kedd,2025-10-07,Detox jóga,09:00-10:00,Völgyes Flávia,nyugati
Kedd,2025-10-07,Hot Iron Cross,09:00-10:00,Szalka Andi,nyugati
Csütörtök,2025-10-09,Detox jóga,09:00-10:00,Völgyes Flávia,nyugati
Csütörtök,2025-10-09,Hot Iron II,09:00-10:00,Szalka Andi,nyugati
Péntek,2025-10-10,Stresszoldó jóga,09:00-10:00,Antal Laura HU/EN,nyugati
Vasárnap,2025-10-12,Indoor Cycling ICG,09:30-10:30,Králik Eszter HU/EN,nyugati
Szombat,2025-10-11,Giryafit,10:00-11:00,Fischer Gábor HU/EN,nyugati
Szombat,2025-10-11,Indoor Cycling ICG,10:00-11:00,Szalai Ági HU/EN,nyugati
Vasárnap,2025-10-12,Alakformáló,10:00-11:00,Berki Betti ,nyugati
Hétfő,2025-10-06,Pilates.,11:00-12:00,Erdős Réka ,nyugati
Szerda,2025-10-08,Pilates.,11:00-12:00,Erdős Réka ,nyugati
Szombat,2025-10-11,Dinamikus jóga.,11:00-12:00,Erdős Réka ,nyugati
Vasárnap,2025-10-12,Funkcionális köredzés,11:00-12:00,Szentgyörgyi Lilien,nyugati
Hétfő,2025-10-06,Dinamikus jóga,12:00-13:00,Erdős Réka ,nyugati
Hétfő,2025-10-06,Hot Iron 1,12:00-13:00,Dobos Fanny,nyugati
Szerda,2025-10-08,Dinamikus jóga,12:00-13:00,Erdős Réka ,nyugati
Péntek,2025-10-10,Hot Iron 1,12:00-13:00,Dobos Fanny,nyugati
Szombat,2025-10-11,Pilates.,12:00-13:00,Erdős Réka ,nyugati
Péntek,2025-10-10,Pilates.,15:00-16:00,Polányi Petra,nyugati
Vasárnap,2025-10-12,Pilates.,15:45-16:45,Kárpáti Ildikó HU/EN,nyugati
Hétfő,2025-10-06,Zumba,16:45-17:45,Kovács Andrea,nyugati
Kedd,2025-10-07,Alakformáló,16:00-17:00,Ábrahám Zsanna,nyugati
Kedd,2025-10-07,Indoor Cycling ICG,16:30-17:30,Böröcz Anita,nyugati
Kedd,2025-10-07,Gerinctorna+stretching,16:45-17:45,Kocsis Kata,nyugati
Szerda,2025-10-08,Dinamikus jóga,16:00-17:00,Csonka Anita ,nyugati
Szerda,2025-10-08,Zumba,16:45-17:45,Kovács Andrea,nyugati
Csütörtök,2025-10-09,Alakformáló,16:00-17:00,Ábrahám Zsanna,nyugati
Csütörtök,2025-10-09,Indoor Cycling ICG,16:30-17:30,Böröcz Anita,nyugati
Csütörtök,2025-10-09,Gerinctorna+stretching,16:45-17:45,Kocsis Kata,nyugati
Péntek,2025-10-10,Alakformáló,16:00-17:00,Polányi Petra,nyugati
Vasárnap,2025-10-12,Stretching,16:45-17:45,Kárpáti Ildikó HU/EN,nyugati
Hétfő,2025-10-06,Alakformáló,17:00-18:00,Ábrahám Zsanna,nyugati
Hétfő,2025-10-06,Funkcionális köredzés,17:15-18:15,Balog Bíborka Bella ,nyugati
Hétfő,2025-10-06,Indoor Cycling ICG,17:30-18:30,Csonka Anita ,nyugati
Hétfő,2025-10-06,Pilates,17:45-18:45,Tornai Piroska HU/EN,nyugati
Kedd,2025-10-07,Zsírégető,17:00-18:00,Hodosi Tamás,nyugati
Kedd,2025-10-07,Cross Training,17:15-18:15,Keserű Dóri,nyugati
Kedd,2025-10-07,Indoor Cycling ICG,17:30-18:30,Kazi Alex,nyugati
Kedd,2025-10-07,Pilates,17:45-18:45,Kocsis Kata,nyugati
Szerda,2025-10-08,Alakformáló,17:00-18:00,Ábrahám Zsanna,nyugati
Szerda,2025-10-08,Funkcionális köredzés,17:15-18:15,Balog Bíborka Bella ,nyugati
Szerda,2025-10-08,Indoor Cycling ICG,17:30-18:30,Csonka Anita ,nyugati
Szerda,2025-10-08,Pilates,17:45-18:45,Tornai Piroska HU/EN,nyugati
Csütörtök,2025-10-09,Zsírégető,17:00-18:00,Hodosi Tamás,nyugati
Csütörtök,2025-10-09,Cross Training,17:15-18:15,Keserű Dóri,nyugati
Csütörtök,2025-10-09,Indoor Cycling ICG,17:30-18:30,Kazi Alex,nyugati
Csütörtök,2025-10-09,Pilates,17:45-18:45,Kocsis Kata,nyugati
Péntek,2025-10-10,Hot Iron Cross,17:00-18:00,Radácsy Petra,nyugati
Péntek,2025-10-10,Cross Training,17:15-18:30,Balog Bíborka Bella ,nyugati
Péntek,2025-10-10,Indoor Cycling ICG,17:30-18:30,Králik Eszter HU/EN,nyugati
Péntek,2025-10-10,Gerinctorna,17:45-18:45,Böröcz Anita,nyugati
Szombat,2025-10-11,Alakformáló,17:00-18:00,Borbély Beatrix,nyugati
Vasárnap,2025-10-12,Alakformáló,17:00-18:00,Auer Bernadett,nyugati
Vasárnap,2025-10-12,Gerinctorna,17:45-18:45,Kárpáti Ildikó HU/EN,nyugati
Hétfő,2025-10-06,Hot Iron Cross,18:00-19:00,Radácsy Petra,nyugati
Hétfő,2025-10-06,TRX köredzés,18:15-19:15,Serrano Gergő HU/EN,nyugati
Hétfő,2025-10-06,Indoor Cycling ICG,18:30-19:30,Takács Henriett,nyugati
Hétfő,2025-10-06,Gerinctorna+stretching,18:45-19:45,Csonka Anita ,nyugati
Kedd,2025-10-07,Giryafit,18:00-19:00,Fischer Gábor HU/EN,nyugati
Kedd,2025-10-07,TRX köredzés,18:15-19:15,Ajanidisz Teodóra,nyugati
Kedd,2025-10-07,Indoor Cycling ICG,18:30-19:30,Kazi Alex,nyugati
Kedd,2025-10-07,Jóga,18:45-19:45,Kovács Rózsa ,nyugati
Szerda,2025-10-08,Hot Iron II,18:00-19:00,Radácsy Petra,nyugati
Szerda,2025-10-08,Cross Training,18:15-19:15,Balog Bíborka Bella ,nyugati
Szerda,2025-10-08,Indoor Cycling ICG,18:30-19:30,Takács Henriett,nyugati
Szerda,2025-10-08,Gerinctorna+stretching,18:45-19:45,Csonka Anita ,nyugati
Csütörtök,2025-10-09,Giryafit,18:00-19:00,Fischer Gábor HU/EN,nyugati
Csütörtök,2025-10-09,TRX köredzés,18:15-19:15,Ajanidisz Teodóra,nyugati
Csütörtök,2025-10-09,Indoor Cycling ICG,18:30-19:30,Kazi Alex,nyugati
Csütörtök,2025-10-09,Jóga,18:45-19:45,Kovács Rózsa ,nyugati
Péntek,2025-10-10,Hot Iron I,18:00-19:00,Radácsy Petra,nyugati
Vasárnap,2025-10-12,Funkcionális köredzés,18:15-19:15,Keserű Dóri,nyugati
Hétfő,2025-10-06,Alakformáló,19:00-20:00,Vatamány Krisztina ,nyugati
Hétfő,2025-10-06,Cross Training,19:15-20:15,Serrano Gergő HU/EN,nyugati
Hétfő,2025-10-06,Indoor Cycling ICG,19:30-20:30,Szőcs Gabi HU/EN,nyugati
Hétfő,2025-10-06,Flow jóga,19:45-20:45,Szabó Júlia,nyugati
Kedd,2025-10-07,Zsírégető,19:00-20:00,Berki Betti ,nyugati
Kedd,2025-10-07,Pilates,19:45-20:45,Ajanidisz Teodóra,nyugati
Szerda,2025-10-08,Alakformáló,19:00-20:00,Vatamány Krisztina ,nyugati
Szerda,2025-10-08,Indoor Cycling ICG,19:30-20:30,Szalai Ági HU/EN,nyugati
Szerda,2025-10-08,Flow jóga,19:45-20:45,Szabó Júlia,nyugati
Csütörtök,2025-10-09,Zsírégető,19:00-20:00,Kabai Petra,nyugati
Csütörtök,2025-10-09,Pilates,19:45-20:45,Ajanidisz Teodóra,nyugati
Péntek,2025-10-10,Zsírégető,19:00-20:00,Berki Betti ,nyugati
Hétfő,2025-10-06,Aerial yoga,20:00-21:00,Angyal Kyra ,nyugati
Kedd,2025-10-07,Alakformáló,20:00-21:00,Berki Betti ,nyugati
Csütörtök,2025-10-09,Alakformáló,20:00-21:00,Berki Betti ,nyugati
Szerda,2025-10-15,KRAV-MAGA,06:00-07:30,Sira Gyula,nyugati
Csütörtök,2025-10-16,KRAV-MAGA,06:00-07:30,Sira Gyula,nyugati
Péntek,2025-10-17,Cross Training,06:45-07:45,Kárpáti Ildikó HU/EN,nyugati
Hétfő,2025-10-13,Alakformáló,07:00-08:00,Borbély Beatrix,nyugati
Hétfő,2025-10-13,Funkcionális köredzés,07:15-08:15,Vatamány Krisztina ,nyugati
Hétfő,2025-10-13,Mobility Yoga,07:30-08:30,Antal Laura HU/EN,nyugati
Kedd,2025-10-14,Dinamikus pilates,07:30-08:30,Antal Laura HU/EN,nyugati
Kedd,2025-10-14,Indoor Cycling ICG,07:45-08:45,Králik Eszter HU/EN,nyugati
Szerda,2025-10-15,Alakformáló,07:00-08:00,Borbély Beatrix,nyugati
Szerda,2025-10-15,Funkcionális köredzés,07:15-08:15,Vatamány Krisztina ,nyugati
Péntek,2025-10-17,TRX köredzés,07:45-08:45,Kárpáti Ildikó HU/EN,nyugati
Péntek,2025-10-17,Dinamikus pilates,08:00-09:00,Antal Laura HU/EN,nyugati
Szombat,2025-10-18,KRAV-MAGA,08:00-09:30,Sira Gyula,nyugati
Kedd,2025-10-14,Detox jóga,09:00-10:00,Völgyes Flávia,nyugati
Kedd,2025-10-14,Hot Iron Cross,09:00-10:00,Szalka Andi,nyugati
Csütörtök,2025-10-16,Detox jóga,09:00-10:00,Völgyes Flávia,nyugati
Csütörtök,2025-10-16,Hot Iron II,09:00-10:00,Szalka Andi,nyugati
Péntek,2025-10-17,Stresszoldó jóga,09:00-10:00,Antal Laura HU/EN,nyugati
Vasárnap,2025-10-19,Alakformáló,09:00-10:00,Berki Betti ,nyugati
Vasárnap,2025-10-19,Indoor Cycling ICG,09:30-10:30,Králik Eszter HU/EN,nyugati
Szombat,2025-10-18,Giryafit,10:00-11:00,Fischer Gábor HU/EN,nyugati
Szombat,2025-10-18,Indoor Cycling ICG,10:00-11:00,Szalai Ági HU/EN,nyugati
Hétfő,2025-10-13,Pilates.,11:00-12:00,Völgyes Flávia,nyugati
Szerda,2025-10-15,Pilates.,11:00-12:00,Völgyes Flávia,nyugati
Szombat,2025-10-18,Dinamikus jóga.,11:00-12:00,Erdős Réka ,nyugati
Vasárnap,2025-10-19,Funkcionális köredzés,11:00-12:30,Life1 Trainer,nyugati
Hétfő,2025-10-13,Dinamikus jóga,12:00-13:00,Völgyes Flávia,nyugati
Hétfő,2025-10-13,Hot Iron 1,12:00-13:00,Dobos Fanny,nyugati
Szerda,2025-10-15,Dinamikus jóga,12:00-13:00,Völgyes Flávia,nyugati
Péntek,2025-10-17,Hot Iron 1,12:00-13:00,Dobos Fanny,nyugati
Szombat,2025-10-18,Pilates.,12:00-13:00,Erdős Réka ,nyugati
Szombat,2025-10-18,Alakformáló,14:00-15:00,Tímea Sifter HU/EN,nyugati
Szombat,2025-10-18,Egészségtudatos Workshop,14:00-15:00,Life1 Trainer,nyugati
Szombat,2025-10-18,Stresszoldó jóga,14:00-15:00,Völgyes Flávia,nyugati
Péntek,2025-10-17,Pilates.,15:00-16:00,Polányi Petra,nyugati
Szombat,2025-10-18,Dinamikus jóga,15:00-16:00,Erdős Réka ,nyugati
Szombat,2025-10-18,Egészségtudatos Workshop,15:00-16:00,Life1 Trainer,nyugati
Szombat,2025-10-18,Hot Iron,15:00-16:00,Radácsy Petra,nyugati
Vasárnap,2025-10-19,Funkcionális köredzés,15:00-16:00,Gerencsér Ágnes,nyugati
Vasárnap,2025-10-19,Pilates.,15:45-16:45,Erdős Réka ,nyugati
Hétfő,2025-10-13,Pilates.,16:00-17:00,Polányi Petra,nyugati
Hétfő,2025-10-13,Zumba,16:45-17:45,Kovács Andrea,nyugati
Kedd,2025-10-14,Alakformáló,16:00-17:00,Ábrahám Zsanna,nyugati
Szerda,2025-10-15,Pilates.,16:00-17:00,Polányi Petra,nyugati
Szerda,2025-10-15,Zumba,16:45-17:45,Kovács Andrea,nyugati
Csütörtök,2025-10-16,Alakformáló,16:00-17:00,Ábrahám Zsanna,nyugati
Csütörtök,2025-10-16,Gerinctorna+stretching,16:45-17:45,Kocsis Kata,nyugati
Péntek,2025-10-17,Alakformáló,16:00-17:00,Polányi Petra,nyugati
Péntek,2025-10-17,Jóga & Stretching,16:45-17:45,Zsombok-Macsári Dzsenifer ,nyugati
Szombat,2025-10-18,DEEPWORK ,16:00-17:00,Erdélyi Annamari,nyugati
Szombat,2025-10-18,Egészségtudatos Workshop,16:00-17:00,Life1 Trainer,nyugati
Szombat,2025-10-18,Flow jóga,16:00-17:00,Zsombok-Macsári Dzsenifer ,nyugati
Vasárnap,2025-10-19,Stretching,16:45-17:45,Erdős Réka ,nyugati
Hétfő,2025-10-13,Alakformáló,17:00-18:00,Polányi Petra,nyugati
Hétfő,2025-10-13,Funkcionális köredzés,17:15-18:15,Balog Bíborka Bella ,nyugati
Hétfő,2025-10-13,Indoor Cycling ICG,17:30-18:30,Csonka Anita ,nyugati
Hétfő,2025-10-13,Pilates,17:45-18:45,Tornai Piroska HU/EN,nyugati
Kedd,2025-10-14,Zsírégető,17:00-18:00,Hodosi Tamás,nyugati
Kedd,2025-10-14,Cross Training,17:15-18:15,Keserű Dóri,nyugati
Kedd,2025-10-14,Indoor Cycling ICG,17:30-18:30,Kazi Alex,nyugati
Kedd,2025-10-14,Pilates,17:45-18:45,Kovács Rózsa ,nyugati
Szerda,2025-10-15,Alakformáló,17:00-18:00,Polányi Petra,nyugati
Szerda,2025-10-15,Funkcionális köredzés,17:15-18:15,Balog Bíborka Bella ,nyugati
Szerda,2025-10-15,Indoor Cycling ICG,17:30-18:30,Csonka Anita ,nyugati
Szerda,2025-10-15,Pilates,17:45-18:45,Tornai Piroska HU/EN,nyugati
Csütörtök,2025-10-16,Zsírégető,17:00-18:00,Hodosi Tamás,nyugati
Csütörtök,2025-10-16,Cross Training,17:15-18:15,Gerencsér Ágnes,nyugati
Csütörtök,2025-10-16,Indoor Cycling ICG,17:30-18:30,Kazi Alex,nyugati
Csütörtök,2025-10-16,Pilates,17:45-18:45,Kocsis Kata,nyugati
Péntek,2025-10-17,Hot Iron Cross,17:00-18:00,Radácsy Petra,nyugati
Péntek,2025-10-17,Cross Training,17:15-18:30,Serrano Gergő HU/EN,nyugati
Péntek,2025-10-17,Indoor Cycling ICG,17:30-18:30,Králik Eszter HU/EN,nyugati
Péntek,2025-10-17,Gerinctorna,17:45-18:45,Kovács Laura,nyugati
Szombat,2025-10-18,Funkcionális köredzés,17:00-18:00,Palkó Roberta HU/EN,nyugati
Szombat,2025-10-18,Gerinctorna,17:00-18:00,Kocsis Kata,nyugati
Vasárnap,2025-10-19,Alakformáló,17:00-18:00,Auer Bernadett,nyugati
Vasárnap,2025-10-19,Jóga,17:45-18:45,Erdős Réka ,nyugati
Hétfő,2025-10-13,Hot Iron Cross,18:00-19:00,Radácsy Petra,nyugati
Hétfő,2025-10-13,TRX köredzés,18:15-19:15,Serrano Gergő HU/EN,nyugati
Hétfő,2025-10-13,Indoor Cycling ICG,18:30-19:30,Takács Henriett,nyugati
Hétfő,2025-10-13,Gerinctorna+stretching,18:45-19:45,Csonka Anita ,nyugati
Kedd,2025-10-14,Giryafit,18:00-19:00,Fischer Gábor HU/EN,nyugati
Kedd,2025-10-14,TRX köredzés,18:15-19:15,Ajanidisz Teodóra,nyugati
Kedd,2025-10-14,Indoor Cycling ICG,18:30-19:30,Kazi Alex,nyugati
Kedd,2025-10-14,Jóga,18:45-19:45,Kovács Rózsa ,nyugati
Szerda,2025-10-15,Hot Iron II,18:00-19:00,Radácsy Petra,nyugati
Szerda,2025-10-15,Cross Training,18:15-19:15,Balog Bíborka Bella ,nyugati
Szerda,2025-10-15,Indoor Cycling ICG,18:30-19:30,Takács Henriett,nyugati
Szerda,2025-10-15,Gerinctorna+stretching,18:45-19:45,Csonka Anita ,nyugati
Csütörtök,2025-10-16,Giryafit,18:00-19:00,Fischer Gábor HU/EN,nyugati
Csütörtök,2025-10-16,TRX köredzés,18:15-19:15,Ajanidisz Teodóra,nyugati
Csütörtök,2025-10-16,Indoor Cycling ICG,18:30-19:30,Kazi Alex,nyugati
Csütörtök,2025-10-16,Jóga,18:45-19:45,Kovács Rózsa ,nyugati
Péntek,2025-10-17,Hot Iron I,18:00-19:00,Radácsy Petra,nyugati
Vasárnap,2025-10-19,Funkcionális köredzés,18:15-19:15,Keserű Dóri,nyugati
Hétfő,2025-10-13,Alakformáló,19:00-20:00,Vatamány Krisztina ,nyugati
Hétfő,2025-10-13,Cross Training,19:15-20:15,Serrano Gergő HU/EN,nyugati
Hétfő,2025-10-13,Indoor Cycling ICG,19:30-20:30,Szőcs Gabi HU/EN,nyugati
Hétfő,2025-10-13,Flow jóga,19:45-20:45,Szabó Júlia,nyugati
Kedd,2025-10-14,Zsírégető,19:00-20:00,Kabai Petra,nyugati
Kedd,2025-10-14,Pilates,19:45-20:45,Ajanidisz Teodóra,nyugati
Szerda,2025-10-15,Alakformáló,19:00-20:00,Vatamány Krisztina ,nyugati
Szerda,2025-10-15,Indoor Cycling ICG,19:30-20:30,Szalai Ági HU/EN,nyugati
Szerda,2025-10-15,Flow jóga,19:45-20:45,Szabó Júlia,nyugati
Csütörtök,2025-10-16,Zsírégető,19:00-20:00,Kabai Petra,nyugati
Csütörtök,2025-10-16,Pilates,19:45-20:45,Ajanidisz Teodóra,nyugati
Péntek,2025-10-17,Zsírégető,19:00-20:00,Berki Betti ,nyugati
Hétfő,2025-10-13,Aerial yoga,20:00-21:00,Angyal Kyra ,nyugati
Kedd,2025-10-14,Alakformáló,20:00-21:00,Berki Betti ,nyugati
Csütörtök,2025-10-16,Alakformáló,20:00-21:00,Berki Betti ,nyugati
Hétfő,2025-10-06,TRX köredzés,06:30-07:30,Ujvári Cili,corvin
Szerda,2025-10-08,TRX köredzés,06:30-07:30,Ujvári Cili,corvin
Péntek,2025-10-10,TRX köredzés,06:30-07:30,Ujvári Cili,corvin
Hétfő,2025-10-06,Indoor Cycling ICG,07:00-08:00,Trankó Ida ,corvin
Kedd,2025-10-07,Gerinctorna,07:00-08:00,Kocsis Kata,corvin
Kedd,2025-10-07,Indoor Cycling ICG,07:00-08:00,Sas Eszter,corvin
Szerda,2025-10-08,Alakformáló,07:00-08:00,Hankó Nóri,corvin
Szerda,2025-10-08,Funkcionális köredzés,07:30-08:30,Kovács Laura,corvin
Csütörtök,2025-10-09,Funkcionális köredzés,07:00-08:00,Trankó Ida ,corvin
Csütörtök,2025-10-09,Gerinctorna.,07:00-08:00,Adamkó Szilvi,corvin
Csütörtök,2025-10-09,Indoor Cycling ICG,07:00-08:00,Sas Eszter,corvin
Péntek,2025-10-10,Alakformáló,07:00-08:00,Hankó Nóri,corvin
Péntek,2025-10-10,Gerinctorna+stretching.,07:00-08:00,Kocsis Kata,corvin
Péntek,2025-10-10,Funkcionális köredzés,07:30-08:30,Kovács Laura,corvin
Kedd,2025-10-07,Pilates&stretching,08:00-09:00,Kocsis Kata,corvin
Szerda,2025-10-08,Jóga & Stretching,08:00-09:00,Csonka Anita ,corvin
Hétfő,2025-10-06,Alakformáló,09:00-10:00,Kovács Laura,corvin
Kedd,2025-10-07,Cross Training,09:30-10:30,Sas Eszter,corvin
Szerda,2025-10-08,Alakformáló,09:00-10:00,Kovács Laura,corvin
Csütörtök,2025-10-09,Cross Training,09:30-10:30,Sas Eszter,corvin
Péntek,2025-10-10,Alakformáló,09:00-10:00,Kovács Laura,corvin
Szombat,2025-10-11,Alakformáló,09:00-10:00,Paulovics Adrienn,corvin
Szombat,2025-10-11,Dance Step,09:00-10:00,Csonka Anita ,corvin
Vasárnap,2025-10-12,Cross Training,09:30-10:30,Sas Eszter,corvin
Hétfő,2025-10-06,Stretching.,10:00-11:00,Kovács Laura,corvin
Szerda,2025-10-08,Stretching.,10:00-11:00,Kovács Laura,corvin
Péntek,2025-10-10,Jóga,10:00-11:00,Csonka Anita ,corvin
Péntek,2025-10-10,Cross Training,10:30-11:30,Sas Eszter,corvin
Szombat,2025-10-11,Gerinctorna,10:00-11:00,Paulovics Adrienn,corvin
Szombat,2025-10-11,Indoor Cycling ICG,10:00-11:00,Csonka Anita ,corvin
Szombat,2025-10-11,Cross Training,10:30-11:45,Szőcs Gabi HU/EN,corvin
Vasárnap,2025-10-12,Alakformáló,10:00-11:00,Kabai Petra,corvin
Vasárnap,2025-10-12,Hot Iron II,10:30-11:30,Molnár Dani,corvin
Hétfő,2025-10-06,Giryafit,11:00-12:00,Sas Eszter,corvin
Szerda,2025-10-08,Giryafit,11:00-12:00,Sas Eszter,corvin
Szombat,2025-10-11,Cardio Kick-box,11:00-12:30,Kalamár Eszter,corvin
Vasárnap,2025-10-12,Kangoo,11:00-12:30,Kabai Petra,corvin
Hétfő,2025-10-06,Cardio Kick-box,12:00-13:00,Kalamár Eszter,corvin
Hétfő,2025-10-06,TRX,12:30-13:30,Sas Eszter,corvin
Kedd,2025-10-07,Funkcionális köredzés,12:00-13:00,Kalamár Eszter,corvin
Szerda,2025-10-08,Cross Training,12:00-13:00,Sas Eszter,corvin
Csütörtök,2025-10-09,Funkcionális köredzés,12:00-13:00,Kalamár Eszter,corvin
Vasárnap,2025-10-12,Jóga.,12:00-13:30,Palkó Roberta HU/EN,corvin
Hétfő,2025-10-06,Zsírégető,16:00-17:00,Kovács Laura,corvin
Hétfő,2025-10-06,Hot Iron Cross,16:30-17:30,Radácsy Petra,corvin
Kedd,2025-10-07,Alakformáló,16:00-17:00,Csonka Anita ,corvin
Kedd,2025-10-07,Indoor Cycling ICG,16:30-17:30,Dicső Inez HU/EN,corvin
Szerda,2025-10-08,Zsírégető,16:00-17:00,Kovács Laura,corvin
Szerda,2025-10-08,Hot Iron 2,16:30-17:30,Radácsy Petra,corvin
Csütörtök,2025-10-09,Indoor Cycling ICG,16:30-17:30,Dicső Inez HU/EN,corvin
Csütörtök,2025-10-09,TRX köredzés,16:30-17:30,Kovács Laura,corvin
Péntek,2025-10-10,Zsírégető,16:00-17:00,Csonka Anita ,corvin
Péntek,2025-10-10,Funkcionális step,16:30-17:30,Kalamár Eszter,corvin
Szombat,2025-10-11,Pilates,16:00-17:00,Kocsis Kata,corvin
Vasárnap,2025-10-12,Salsa Fitness,16:00-17:00,Osvaldo,corvin
Vasárnap,2025-10-12,Szauna felöntés,16:00-16:20,Szaunamester Corvin,corvin
Vasárnap,2025-10-12,Szauna felöntés,16:50-17:10,Szaunamester Corvin,corvin
Hétfő,2025-10-06,Dinamikus gerinctorna,17:00-18:00,Kocsis Kata,corvin
Hétfő,2025-10-06,Indoor Cycling ICG,17:30-18:30,Dicső Inez HU/EN,corvin
Hétfő,2025-10-06,TRX köredzés,17:30-18:30,Kovács Laura,corvin
Kedd,2025-10-07,DEEPWORK ,17:00-18:00,Erdélyi Annamari,corvin
Kedd,2025-10-07,Gerinctorna+stretching,17:15-18:15,Majoros Anikó,corvin
Kedd,2025-10-07,Intervall Cycling  ICG,17:30-18:30,Kilin Tomi,corvin
Kedd,2025-10-07,TRX köredzés,17:30-18:30,Kovács Laura,corvin
Szerda,2025-10-08,Dinamikus gerinctorna,17:00-18:00,Kocsis Kata,corvin
Szerda,2025-10-08,Cross Training,17:30-18:30,Kovács Laura,corvin
Szerda,2025-10-08,Indoor Cycling ICG,17:30-18:30,Dicső Inez HU/EN,corvin
Csütörtök,2025-10-09,DEEPWORK ,17:00-18:00,Erdélyi Annamari,corvin
Csütörtök,2025-10-09,Hatha jóga.,17:15-18:15,Vörös Alexandra ,corvin
Csütörtök,2025-10-09,Cross Training,17:30-18:30,Kovács Laura,corvin
Csütörtök,2025-10-09,Intervall Cycling  ICG,17:30-18:30,Kilin Tomi,corvin
Péntek,2025-10-10,Kangoo,17:00-18:00,Gyurkovics Anikó HU/EN,corvin
Péntek,2025-10-10,Pilates.,17:15-18:15,Reitter Zsófia,corvin
Péntek,2025-10-10,Funkcionális köredzés,17:30-18:30,Palkó Roberta HU/EN,corvin
Péntek,2025-10-10,Indoor Cycling ICG,17:30-18:30,Szalai Ági HU/EN,corvin
Szombat,2025-10-11,Japán jóga/Do-in,17:00-18:00,Kocsis Kata,corvin
Vasárnap,2025-10-12,Alakformáló,17:00-18:00,Majoros Anikó,corvin
Vasárnap,2025-10-12,Funkcionális köredzés,17:30-18:30,Kovács Laura,corvin
Vasárnap,2025-10-12,Szauna felöntés,17:40-18:00,Szaunamester Corvin,corvin
Hétfő,2025-10-06,Alakformáló,18:00-19:00,Czigány Betti,corvin
Hétfő,2025-10-06,Pilates.,18:15-19:15,Kocsis Kata,corvin
Hétfő,2025-10-06,Cross Training,18:30-19:30,Kaszás Lilla,corvin
Hétfő,2025-10-06,Indoor Cycling ICG,18:30-19:30,Dicső Inez HU/EN,corvin
Kedd,2025-10-07,Full kondi,18:00-19:00,Erdélyi Annamari,corvin
Kedd,2025-10-07,Pilates.,18:15-19:15,Majoros Anikó,corvin
Kedd,2025-10-07,Cross Training,18:30-19:30,Kovács Laura,corvin
Kedd,2025-10-07,Indoor Cycling ICG,18:30-19:30,Kilin Tomi,corvin
Szerda,2025-10-08,Alakformáló,18:00-19:00,Czigány Betti,corvin
Szerda,2025-10-08,Pilates.,18:15-19:15,Kocsis Kata,corvin
Szerda,2025-10-08,Indoor Cycling ICG,18:30-19:30,Dicső Inez HU/EN,corvin
Szerda,2025-10-08,TRX köredzés,18:30-19:30,Palkó Roberta HU/EN,corvin
Csütörtök,2025-10-09,Full kondi,18:00-19:00,Erdélyi Annamari,corvin
Csütörtök,2025-10-09,Pilates.,18:15-19:15,Majoros Anikó,corvin
Csütörtök,2025-10-09,Hot Iron Cross,18:30-19:30,Molnár Dani,corvin
Csütörtök,2025-10-09,Indoor Cycling ICG,18:30-19:30,Kilin Tomi,corvin
Péntek,2025-10-10,Alakformáló,18:00-19:00,Gyurkovics Anikó HU/EN,corvin
Péntek,2025-10-10,Indoor Cycling ICG,18:30-19:30,Szalai Ági HU/EN,corvin
Péntek,2025-10-10,Jóga.,18:30-19:30,Palkó Roberta HU/EN,corvin
Szombat,2025-10-11,Indoor Cycling ICG,18:00-19:00,Molnár Tibor ,corvin
Vasárnap,2025-10-12,Pilates,18:00-19:00,Majoros Anikó,corvin
Vasárnap,2025-10-12,Szauna felöntés,18:30-18:50,Szaunamester Corvin,corvin
Hétfő,2025-10-06,Gerinctorna+stretching.,19:15-20:15,Paulovics Adrienn,corvin
Hétfő,2025-10-06,Indoor Cycling ICG,19:30-20:30,Németh Szabina HU/EN,corvin
Kedd,2025-10-07,Party Fitnesz,19:00-20:00,Lőrincz Ernő,corvin
Kedd,2025-10-07,BODYART,19:15-20:15,Nyőgér Ági HU/EN,corvin
Kedd,2025-10-07,Indoor Cycling ICG,19:30-20:30,Molnár Tibor ,corvin
Kedd,2025-10-07,TRX köredzés,19:30-20:30,Majoros Anikó,corvin
Szerda,2025-10-08,Kangoo,19:00-20:00,Gyurkovics Anikó HU/EN,corvin
Szerda,2025-10-08,Gerinctorna+stretching.,19:15-20:15,Paulovics Adrienn,corvin
Szerda,2025-10-08,Funkcionális köredzés,19:30-20:30,Palkó Roberta HU/EN,corvin
Szerda,2025-10-08,Indoor Cycling ICG,19:30-20:30,Németh Szabina HU/EN,corvin
Csütörtök,2025-10-09,Alakformáló,19:00-20:00,Lőrincz Ernő,corvin
Csütörtök,2025-10-09,BODYART,19:15-20:15,Nyőgér Ági HU/EN,corvin
Csütörtök,2025-10-09,Indoor Cycling ICG,19:30-20:30,Molnár Tibor ,corvin
Csütörtök,2025-10-09,TRX köredzés,19:30-21:00,Majoros Anikó,corvin
Péntek,2025-10-10,Salsa Fitness,19:00-20:00,Osvaldo,corvin
Péntek,2025-10-10,Stretching.,19:30-20:30,Gyurkovics Anikó HU/EN,corvin
Hétfő,2025-10-06,Alakformáló,20:00-21:00,Bajnok Dávid,corvin
Szerda,2025-10-08,Alakformáló,20:00-21:00,Gyurkovics Anikó HU/EN,corvin
Hétfő,2025-10-13,TRX köredzés,06:30-07:30,Ujvári Cili,corvin
Szerda,2025-10-15,TRX köredzés,06:30-07:30,Ujvári Cili,corvin
Péntek,2025-10-17,TRX köredzés,06:30-07:30,Ujvári Cili,corvin
Hétfő,2025-10-13,Indoor Cycling ICG,07:00-08:00,Trankó Ida ,corvin
Kedd,2025-10-14,Funkcionális köredzés,07:00-08:00,Trankó Ida ,corvin
Kedd,2025-10-14,Gerinctorna,07:00-08:00,Kocsis Kata,corvin
Kedd,2025-10-14,Indoor Cycling ICG,07:00-08:00,Sas Eszter,corvin
Szerda,2025-10-15,Alakformáló,07:00-08:00,Hankó Nóri,corvin
Szerda,2025-10-15,Indoor Cycling ICG,07:00-08:00,Trankó Ida ,corvin
Szerda,2025-10-15,Funkcionális köredzés,07:30-08:30,Kovács Laura,corvin
Csütörtök,2025-10-16,Funkcionális köredzés,07:00-08:00,Trankó Ida ,corvin
Csütörtök,2025-10-16,Gerinctorna.,07:00-08:00,Adamkó Szilvi,corvin
Csütörtök,2025-10-16,Indoor Cycling ICG,07:00-08:00,Sas Eszter,corvin
Péntek,2025-10-17,Alakformáló,07:00-08:00,Hankó Nóri,corvin
Péntek,2025-10-17,Gerinctorna+stretching.,07:00-08:00,Kocsis Kata,corvin
Péntek,2025-10-17,Funkcionális köredzés,07:30-08:30,Kovács Laura,corvin
Kedd,2025-10-14,Pilates&stretching,08:00-09:00,Kocsis Kata,corvin
Szerda,2025-10-15,Jóga & Stretching,08:00-09:00,Csonka Anita ,corvin
Hétfő,2025-10-13,Alakformáló,09:00-10:00,Kovács Laura,corvin
Kedd,2025-10-14,Cross Training,09:30-10:30,Sas Eszter,corvin
Szerda,2025-10-15,Alakformáló,09:00-10:00,Kovács Laura,corvin
Csütörtök,2025-10-16,Cross Training,09:30-10:30,Sas Eszter,corvin
Péntek,2025-10-17,Alakformáló,09:00-10:00,Kovács Laura,corvin
Szombat,2025-10-18,Alakformáló,09:00-10:00,Paulovics Adrienn,corvin
Szombat,2025-10-18,Dance Step,09:00-10:00,Csonka Anita ,corvin
Vasárnap,2025-10-19,Cross Training,09:30-10:30,Sas Eszter,corvin
Hétfő,2025-10-13,Stretching.,10:00-11:00,Kovács Laura,corvin
Szerda,2025-10-15,Stretching.,10:00-11:00,Kovács Laura,corvin
Péntek,2025-10-17,Jóga,10:00-11:00,Csonka Anita ,corvin
Péntek,2025-10-17,Cross Training,10:30-11:30,Sas Eszter,corvin
Szombat,2025-10-18,Gerinctorna,10:00-11:00,Paulovics Adrienn,corvin
Szombat,2025-10-18,Indoor Cycling ICG,10:00-11:00,Csonka Anita ,corvin
Szombat,2025-10-18,Cross Training,10:30-11:45,Szőcs Gabi HU/EN,corvin
Vasárnap,2025-10-19,Alakformáló,10:00-11:00,Gyurkovics Anikó HU/EN,corvin
Vasárnap,2025-10-19,Hot Iron II,10:30-11:30,Radácsy Petra,corvin
Hétfő,2025-10-13,Giryafit,11:00-12:00,Sas Eszter,corvin
Szerda,2025-10-15,Giryafit,11:00-12:00,Sas Eszter,corvin
Szombat,2025-10-18,Cardio Kick-box,11:00-12:30,Kalamár Eszter,corvin
Vasárnap,2025-10-19,Kangoo,11:00-12:30,Gyurkovics Anikó HU/EN,corvin
Hétfő,2025-10-13,Cardio Kick-box,12:00-13:00,Kalamár Eszter,corvin
Hétfő,2025-10-13,TRX,12:30-13:30,Sas Eszter,corvin
Kedd,2025-10-14,Funkcionális köredzés,12:00-13:00,Kalamár Eszter,corvin
Szerda,2025-10-15,Cross Training,12:00-13:00,Sas Eszter,corvin
Csütörtök,2025-10-16,Funkcionális köredzés,12:00-13:00,Kalamár Eszter,corvin
Vasárnap,2025-10-19,Jóga.,12:00-13:30,Palkó Roberta HU/EN,corvin
Hétfő,2025-10-13,Zsírégető,16:00-17:00,Kovács Laura,corvin
Hétfő,2025-10-13,Hot Iron Cross,16:30-17:30,Radácsy Petra,corvin
Kedd,2025-10-14,Alakformáló,16:00-17:00,Csonka Anita ,corvin
Kedd,2025-10-14,Indoor Cycling ICG,16:30-17:30,Trankó Ida ,corvin
Szerda,2025-10-15,Zsírégető,16:00-17:00,Kovács Laura,corvin
Szerda,2025-10-15,Hot Iron 2,16:30-17:30,Radácsy Petra,corvin
Csütörtök,2025-10-16,Indoor Cycling ICG,16:30-17:30,Dicső Inez HU/EN,corvin
Csütörtök,2025-10-16,TRX köredzés,16:30-17:30,Kovács Laura,corvin
Péntek,2025-10-17,Zsírégető,16:00-17:00,Csonka Anita ,corvin
Péntek,2025-10-17,Funkcionális step,16:30-17:30,Kalamár Eszter,corvin
Vasárnap,2025-10-19,Salsa Fitness,16:00-17:00,Osvaldo,corvin
Vasárnap,2025-10-19,Szauna felöntés,16:00-16:20,Szaunamester Corvin,corvin
Vasárnap,2025-10-19,Szauna felöntés,16:50-17:10,Szaunamester Corvin,corvin
Hétfő,2025-10-13,Dinamikus gerinctorna,17:00-18:00,Paulovics Adrienn,corvin
Hétfő,2025-10-13,Indoor Cycling ICG,17:30-18:30,Trankó Ida ,corvin
Hétfő,2025-10-13,TRX köredzés,17:30-18:30,Gyurkovics Anikó HU/EN,corvin
Kedd,2025-10-14,DEEPWORK ,17:00-18:00,Erdélyi Annamari,corvin
Kedd,2025-10-14,Hatha jóga.,17:15-18:15,Vörös Alexandra ,corvin
Kedd,2025-10-14,Intervall Cycling  ICG,17:30-18:30,Kilin Tomi,corvin
Kedd,2025-10-14,TRX köredzés,17:30-18:30,Kovács Laura,corvin
Szerda,2025-10-15,Dinamikus gerinctorna,17:00-18:00,Kocsis Kata,corvin
Szerda,2025-10-15,Cross Training,17:30-18:30,Kovács Laura,corvin
Szerda,2025-10-15,Indoor Cycling ICG,17:30-18:30,Szalai Ági HU/EN,corvin
Csütörtök,2025-10-16,DEEPWORK ,17:00-18:00,Erdélyi Annamari,corvin
Csütörtök,2025-10-16,Hatha jóga.,17:15-18:15,Vörös Alexandra ,corvin
Csütörtök,2025-10-16,Cross Training,17:30-18:30,Kovács Laura,corvin
Csütörtök,2025-10-16,Intervall Cycling  ICG,17:30-18:30,Kilin Tomi,corvin
Péntek,2025-10-17,Kangoo,17:00-18:00,Gyurkovics Anikó HU/EN,corvin
Péntek,2025-10-17,Pilates.,17:15-18:15,Reitter Zsófia,corvin
Péntek,2025-10-17,Funkcionális köredzés,17:30-18:30,Palkó Roberta HU/EN,corvin
Péntek,2025-10-17,Indoor Cycling ICG,17:30-18:30,Szalai Ági HU/EN,corvin
Vasárnap,2025-10-19,Alakformáló,17:00-18:00,Majoros Anikó,corvin
Vasárnap,2025-10-19,Funkcionális köredzés,17:30-18:30,Kovács Laura,corvin
Vasárnap,2025-10-19,Szauna felöntés,17:40-18:00,Szaunamester Corvin,corvin
Hétfő,2025-10-13,Alakformáló,18:00-19:00,Czigány Betti,corvin
Hétfő,2025-10-13,Pilates.,18:15-19:15,Paulovics Adrienn,corvin
Hétfő,2025-10-13,Cross Training,18:30-19:30,Kaszás Lilla,corvin
Hétfő,2025-10-13,Indoor Cycling ICG,18:30-19:30,Trankó Ida ,corvin
Kedd,2025-10-14,Full kondi,18:00-19:00,Erdélyi Annamari,corvin
Kedd,2025-10-14,Pilates.,18:15-19:15,Majoros Anikó,corvin
Kedd,2025-10-14,Cross Training,18:30-19:30,Kovács Laura,corvin
Kedd,2025-10-14,Indoor Cycling ICG,18:30-19:30,Kilin Tomi,corvin
Szerda,2025-10-15,Alakformáló,18:00-19:00,Czigány Betti,corvin
Szerda,2025-10-15,Pilates.,18:15-19:15,Kocsis Kata,corvin
Szerda,2025-10-15,TRX köredzés,18:30-19:30,Trankó Ida ,corvin
Csütörtök,2025-10-16,Full kondi,18:00-19:00,Erdélyi Annamari,corvin
Csütörtök,2025-10-16,Pilates.,18:15-19:15,Majoros Anikó,corvin
Csütörtök,2025-10-16,Hot Iron Cross,18:30-19:30,Molnár Dani,corvin
Csütörtök,2025-10-16,Indoor Cycling ICG,18:30-19:30,Kilin Tomi,corvin
Péntek,2025-10-17,Alakformáló,18:00-19:00,Gyurkovics Anikó HU/EN,corvin
Péntek,2025-10-17,Indoor Cycling ICG,18:30-19:30,Szalai Ági HU/EN,corvin
Péntek,2025-10-17,Jóga.,18:30-19:30,Palkó Roberta HU/EN,corvin
Vasárnap,2025-10-19,Pilates,18:00-19:00,Majoros Anikó,corvin
Vasárnap,2025-10-19,Szauna felöntés,18:30-18:50,Szaunamester Corvin,corvin
Hétfő,2025-10-13,Kangoo,19:00-20:00,Gyurkovics Anikó HU/EN,corvin
Hétfő,2025-10-13,Gerinctorna+stretching.,19:15-20:15,Paulovics Adrienn,corvin
Hétfő,2025-10-13,Indoor Cycling ICG,19:30-20:30,Németh Szabina HU/EN,corvin
Kedd,2025-10-14,Party Fitnesz,19:00-20:00,Lőrincz Ernő,corvin
Kedd,2025-10-14,BODYART,19:15-20:15,Nyőgér Ági HU/EN,corvin
Kedd,2025-10-14,Indoor Cycling ICG,19:30-20:30,Molnár Tibor ,corvin
Kedd,2025-10-14,TRX köredzés,19:30-20:30,Majoros Anikó,corvin
Szerda,2025-10-15,Kangoo,19:00-20:00,Gyurkovics Anikó HU/EN,corvin
Szerda,2025-10-15,Gerinctorna+stretching.,19:15-20:15,Paulovics Adrienn,corvin
Szerda,2025-10-15,Funkcionális köredzés,19:30-20:30,Trankó Ida ,corvin
Szerda,2025-10-15,Indoor Cycling ICG,19:30-20:30,Németh Szabina HU/EN,corvin
Csütörtök,2025-10-16,Alakformáló,19:00-20:00,Lőrincz Ernő,corvin
Csütörtök,2025-10-16,BODYART,19:15-20:15,Nyőgér Ági HU/EN,corvin
Csütörtök,2025-10-16,Indoor Cycling ICG,19:30-20:30,Molnár Tibor ,corvin
Csütörtök,2025-10-16,TRX köredzés,19:30-21:00,Majoros Anikó,corvin
Péntek,2025-10-17,Salsa Fitness,19:00-20:00,Osvaldo,corvin
Péntek,2025-10-17,Stretching.,19:30-20:30,Gyurkovics Anikó HU/EN,corvin
Hétfő,2025-10-13,Alakformáló,20:00-21:00,Gyurkovics Anikó HU/EN,corvin
Szerda,2025-10-15,Alakformáló,20:00-21:00,Gyurkovics Anikó HU/EN,corvin
Hétfő,2025-10-06,BODYART,07:45-08:45,Gergye Laura ,springday
Kedd,2025-10-07,Funkcionális köredzés,07:00-08:00,Palkó Roberta HU/EN,springday
Szerda,2025-10-08,BODYART,07:45-08:45,Gergye Laura ,springday
Csütörtök,2025-10-09,Funkcionális köredzés,07:00-08:00,Palkó Roberta HU/EN,springday
Péntek,2025-10-10,BODYART,07:45-08:45,Gergye Laura ,springday
Hétfő,2025-10-06,Aquafitness,08:30-09:15,Kalló Zsuzsa ,springday
Kedd,2025-10-07,Gerinctorna,08:00-09:00,Kalló Zsuzsa ,springday
Szerda,2025-10-08,Aquafitness,08:30-09:15,Kalló Zsuzsa ,springday
Csütörtök,2025-10-09,Gerinctorna,08:00-09:00,Kalló Zsuzsa ,springday
Péntek,2025-10-10,Gerinctorna,08:00-09:00,Kalló Zsuzsa ,springday
Szombat,2025-10-11,Dinamikus jóga,08:30-09:30,Szabó Júlia,springday
Hétfő,2025-10-06,Spinning,09:00-10:00,Gergye Laura ,springday
Kedd,2025-10-07,Pilates gerinc,09:00-10:00,Párdi Erika HU/EN,springday
Kedd,2025-10-07,Aquafitness,09:15-10:00,Kalló Zsuzsa ,springday
Szerda,2025-10-08,Spinning,09:00-10:00,Gergye Laura ,springday
Szerda,2025-10-08,Aquafitness,09:15-10:00,Andris Anita ,springday
Csütörtök,2025-10-09,Aquafitness,09:15-10:00,Kalló Zsuzsa ,springday
Péntek,2025-10-10,Spinning,09:00-10:00,Gergye Laura ,springday
Péntek,2025-10-10,Aquafitness,09:15-10:00,Andris Anita ,springday
Péntek,2025-10-10,Pilates gerinc.,09:15-10:15,Párdi Erika HU/EN,springday
Szombat,2025-10-11,Aquafitness,09:00-09:45,Kalló Zsuzsa ,springday
Szombat,2025-10-11,Zsírégető,09:00-10:00,Kovács Laura,springday
Szombat,2025-10-11,Funkcionális köredzés,09:30-10:30,Gerencsér Ágnes,springday
Vasárnap,2025-10-12,Alakformáló,09:30-10:30,Hodosi Tamás,springday
Hétfő,2025-10-06,Baba-mama torna,10:00-11:00,Kalló Zsuzsa ,springday
Kedd,2025-10-07,Aquabike,10:00-10:45,Kalló Zsuzsa ,springday
Kedd,2025-10-07,Stretching.,10:15-11:15,Párdi Erika HU/EN,springday
Szerda,2025-10-08,Hot Iron,10:00-11:00,Andris Anita ,springday
Csütörtök,2025-10-09,Aquabike,10:00-10:45,Kalló Zsuzsa ,springday
Péntek,2025-10-10,Hot Iron,10:00-11:00,Andris Anita ,springday
Péntek,2025-10-10,Hatha jóga,10:15-11:15,Párdi Erika HU/EN,springday
Szombat,2025-10-11,Alakformáló,10:00-11:00,Szabó Júlia,springday
Szombat,2025-10-11,Spinning,10:00-11:00,Takács Henriett,springday
Szombat,2025-10-11,Cross Training,10:30-11:30,Gerencsér Ágnes,springday
Vasárnap,2025-10-12,Core training,10:30-11:30,Juhász Bianka ,springday
Vasárnap,2025-10-12,Funkcionális köredzés,10:30-11:30,Hodosi Tamás,springday
Vasárnap,2025-10-12,Stretching,11:30-12:30,Juhász Bianka ,springday
Hétfő,2025-10-06,Kezdő funkcionális köredzés ,16:30-17:30,Széles Natália,springday
Szerda,2025-10-08,Kezdő funkcionális köredzés ,16:30-17:30,Széles Natália,springday
Péntek,2025-10-10,Zsírégető,16:00-17:00,Szabó Csenge,springday
Péntek,2025-10-10,Pilates.,16:15-17:15,Kovács Rózsa ,springday
Péntek,2025-10-10,Funkcionális köredzés,16:30-17:30,Széles Natália,springday
Szombat,2025-10-11,Funkcionális köredzés,16:00-17:00,Széles Natália,springday
Vasárnap,2025-10-12,Szauna felöntés,16:00-16:20,Szaunamester ,springday
Vasárnap,2025-10-12,Szauna felöntés,16:50-17:10,Szaunamester ,springday
Hétfő,2025-10-06,Alakformáló,17:00-18:00,Tímea Sifter HU/EN,springday
Hétfő,2025-10-06,DEEPWORK ,17:15-18:15,Gergye Laura ,springday
Hétfő,2025-10-06,Funkcionális köredzés,17:30-18:30,Széles Natália,springday
Kedd,2025-10-07,Aquafitness,17:00-17:45,Andris Anita ,springday
Kedd,2025-10-07,Zsírégető,17:00-18:00,Balogh Borbála,springday
Kedd,2025-10-07,Core training.,17:15-18:15,Juhász Bianka ,springday
Kedd,2025-10-07,Funkcionális köredzés,17:30-18:30,Harnos Erika ,springday
Szerda,2025-10-08,Alakformáló,17:00-18:00,Tímea Sifter HU/EN,springday
Szerda,2025-10-08,Szauna felöntés,17:00-17:20,Szaunamester ,springday
Szerda,2025-10-08,DEEPWORK ,17:15-18:15,Gergye Laura ,springday
Szerda,2025-10-08,Funkcionális köredzés,17:30-18:30,Széles Natália,springday
Szerda,2025-10-08,Szauna felöntés,17:50-18:10,Szaunamester ,springday
Csütörtök,2025-10-09,Aquafitness,17:00-17:45,Andris Anita ,springday
Csütörtök,2025-10-09,Zsírégető,17:00-18:00,Borbély Beatrix,springday
Csütörtök,2025-10-09,Core training. ,17:15-18:15,Hesztera Dóra,springday
Péntek,2025-10-10,Alakformáló,17:00-18:00,Szabó Csenge,springday
Péntek,2025-10-10,Szauna felöntés,17:00-17:20,Szaunamester ,springday
Péntek,2025-10-10,Hatha jóga,17:15-18:15,Kovács Rózsa ,springday
Péntek,2025-10-10,Cross Training,17:30-18:30,Széles Natália,springday
Péntek,2025-10-10,Spinning,17:30-18:30,Dankó Krisztina,springday
Péntek,2025-10-10,Szauna felöntés,17:50-18:10,Szaunamester ,springday
Szombat,2025-10-11,Dance Step,17:00-18:00,Harnos Erika ,springday
Vasárnap,2025-10-12,Pilates.,17:15-18:15,Kovács Rózsa ,springday
Vasárnap,2025-10-12,Szauna felöntés,17:40-18:00,Szaunamester ,springday
Hétfő,2025-10-06,Kangoo,18:00-19:00,Tímea Sifter HU/EN,springday
Hétfő,2025-10-06,Pilates gerinc.,18:15-19:15,Párdi Erika HU/EN,springday
Hétfő,2025-10-06,Cross Training,18:30-19:30,Sas Eszter,springday
Hétfő,2025-10-06,Spinning,18:30-19:30,Gergye Laura ,springday
Kedd,2025-10-07,Hot Iron,18:00-19:00,Andris Anita ,springday
Kedd,2025-10-07,Stretching.,18:15-19:15,Juhász Bianka ,springday
Kedd,2025-10-07,Cross Training,18:30-19:30,Harnos Erika ,springday
Kedd,2025-10-07,Spinning,18:30-19:30,Dankó Krisztina,springday
Szerda,2025-10-08,Kangoo,18:00-19:00,Tímea Sifter HU/EN,springday
Szerda,2025-10-08,Pilates gerinc,18:15-19:15,Párdi Erika HU/EN,springday
Szerda,2025-10-08,Cross Training,18:30-19:30,Sas Eszter,springday
Szerda,2025-10-08,Spinning,18:30-19:30,Gergye Laura ,springday
Szerda,2025-10-08,Szauna felöntés,18:40-19:00,Szaunamester ,springday
Csütörtök,2025-10-09,Hot Iron,18:00-19:00,Andris Anita ,springday
Csütörtök,2025-10-09,Stretching.,18:15-19:15,Hesztera Dóra,springday
Péntek,2025-10-10,Kangoo,18:00-19:00,Kabai Petra,springday
Péntek,2025-10-10,Kick-box köredzés,18:30-19:30,Kalamár Eszter,springday
Péntek,2025-10-10,Szauna felöntés,18:40-19:00,Szaunamester ,springday
Szombat,2025-10-11,Alakformáló,18:00-19:00,Berki Betti ,springday
Vasárnap,2025-10-12,Alakformáló,18:00-19:00,Berki Betti ,springday
Vasárnap,2025-10-12,Hatha jóga,18:15-19:15,Kovács Rózsa ,springday
Vasárnap,2025-10-12,Szauna felöntés,18:30-18:50,Szaunamester ,springday
Hétfő,2025-10-06,Zsírégető,19:00-20:00,Kis Zsófi,springday
Hétfő,2025-10-06,Hatha jóga,19:15-20:15,Párdi Erika HU/EN,springday
Kedd,2025-10-07,Alakformáló,19:00-20:00,Tar Edit,springday
Szerda,2025-10-08,Zsírégető,19:00-20:00,Hodosi Tamás,springday
Szerda,2025-10-08,Hatha jóga,19:15-20:15,Párdi Erika HU/EN,springday
Szerda,2025-10-08,Szauna felöntés,19:30-19:50,Szaunamester ,springday
Csütörtök,2025-10-09,Alakformáló,19:00-20:00,Tar Edit,springday
Péntek,2025-10-10,Alakformáló,19:00-20:00,Hodosi Tamás,springday
Péntek,2025-10-10,Kick-box köredzés,19:30-20:30,Kalamár Eszter,springday
Péntek,2025-10-10,Szauna felöntés,19:30-19:50,Szaunamester ,springday
Hétfő,2025-10-13,BODYART,07:45-08:45,Gergye Laura ,springday
Kedd,2025-10-14,Funkcionális köredzés,07:00-08:00,Palkó Roberta HU/EN,springday
Szerda,2025-10-15,BODYART,07:45-08:45,Gergye Laura ,springday
Csütörtök,2025-10-16,Funkcionális köredzés,07:00-08:00,Palkó Roberta HU/EN,springday
Péntek,2025-10-17,BODYART,07:45-08:45,Gergye Laura ,springday
Hétfő,2025-10-13,Aquafitness,08:30-09:15,Kalló Zsuzsa ,springday
Kedd,2025-10-14,Gerinctorna,08:00-09:00,Kalló Zsuzsa ,springday
Szerda,2025-10-15,Aquafitness,08:30-09:15,Kalló Zsuzsa ,springday
Csütörtök,2025-10-16,Gerinctorna,08:00-09:00,Kalló Zsuzsa ,springday
Péntek,2025-10-17,Gerinctorna,08:00-09:00,Kalló Zsuzsa ,springday
Szombat,2025-10-18,Dinamikus jóga,08:30-09:30,Szabó Júlia,springday
Hétfő,2025-10-13,Spinning,09:00-10:00,Gergye Laura ,springday
Kedd,2025-10-14,Pilates gerinc,09:00-10:00,Párdi Erika HU/EN,springday
Kedd,2025-10-14,Aquafitness,09:15-10:00,Kalló Zsuzsa ,springday
Szerda,2025-10-15,Spinning,09:00-10:00,Gergye Laura ,springday
Szerda,2025-10-15,Aquafitness,09:15-10:00,Andris Anita ,springday
Csütörtök,2025-10-16,Pilates,09:00-10:00,Párdi Erika HU/EN,springday
Csütörtök,2025-10-16,Aquafitness,09:15-10:00,Kalló Zsuzsa ,springday
Péntek,2025-10-17,Spinning,09:00-10:00,Gergye Laura ,springday
Péntek,2025-10-17,Aquafitness,09:15-10:00,Andris Anita ,springday
Péntek,2025-10-17,Pilates gerinc.,09:15-10:15,Párdi Erika HU/EN,springday
Szombat,2025-10-18,Aquafitness,09:00-09:45,Kalló Zsuzsa ,springday
Szombat,2025-10-18,Zsírégető,09:00-10:00,Kovács Laura,springday
Szombat,2025-10-18,Funkcionális köredzés,09:30-10:30,Gerencsér Ágnes,springday
Vasárnap,2025-10-19,Alakformáló,09:30-10:30,Hodosi Tamás,springday
Hétfő,2025-10-13,Baba-mama torna,10:00-11:00,Kalló Zsuzsa ,springday
Kedd,2025-10-14,Aquabike,10:00-10:45,Kalló Zsuzsa ,springday
Kedd,2025-10-14,Stretching.,10:15-11:15,Párdi Erika HU/EN,springday
Szerda,2025-10-15,Hot Iron,10:00-11:00,Andris Anita ,springday
Csütörtök,2025-10-16,Aquabike,10:00-10:45,Kalló Zsuzsa ,springday
Csütörtök,2025-10-16,Stretching.,10:15-11:15,Párdi Erika HU/EN,springday
Péntek,2025-10-17,Hot Iron,10:00-11:00,Andris Anita ,springday
Péntek,2025-10-17,Hatha jóga,10:15-11:15,Párdi Erika HU/EN,springday
Szombat,2025-10-18,Alakformáló,10:00-11:00,Szabó Júlia,springday
Szombat,2025-10-18,Spinning,10:00-11:00,Takács Henriett,springday
Szombat,2025-10-18,Cross Training,10:30-11:30,Gerencsér Ágnes,springday
Vasárnap,2025-10-19,Core training,10:30-11:30,Juhász Bianka ,springday
Vasárnap,2025-10-19,Funkcionális köredzés,10:30-11:30,Hodosi Tamás,springday
Vasárnap,2025-10-19,Stretching,11:30-12:30,Juhász Bianka ,springday
Hétfő,2025-10-13,Kezdő funkcionális köredzés ,16:30-17:30,Széles Natália,springday
Szerda,2025-10-15,Kezdő funkcionális köredzés ,16:30-17:30,Széles Natália,springday
Péntek,2025-10-17,Zsírégető,16:00-17:00,Szabó Csenge,springday
Péntek,2025-10-17,Pilates.,16:15-17:15,Kovács Rózsa ,springday
Péntek,2025-10-17,Funkcionális köredzés,16:30-17:30,Gerencsér Ágnes,springday
Vasárnap,2025-10-19,Szauna felöntés,16:00-16:20,Szaunamester ,springday
Vasárnap,2025-10-19,Szauna felöntés,16:50-17:10,Szaunamester ,springday
Hétfő,2025-10-13,Alakformáló,17:00-18:00,Tímea Sifter HU/EN,springday
Hétfő,2025-10-13,DEEPWORK ,17:15-18:15,Gergye Laura ,springday
Hétfő,2025-10-13,Funkcionális köredzés,17:30-18:30,Széles Natália,springday
Hétfő,2025-10-13,Spinning,17:30-18:30,Milovecz Tünde,springday
Kedd,2025-10-14,Aquafitness,17:00-17:45,Andris Anita ,springday
Kedd,2025-10-14,Zsírégető,17:00-18:00,Balogh Borbála,springday
Kedd,2025-10-14,Core training.,17:15-18:15,Juhász Bianka ,springday
Kedd,2025-10-14,Funkcionális köredzés,17:30-18:30,Harnos Erika ,springday
Szerda,2025-10-15,Alakformáló,17:00-18:00,Tímea Sifter HU/EN,springday
Szerda,2025-10-15,Szauna felöntés,17:00-17:20,Szaunamester ,springday
Szerda,2025-10-15,DEEPWORK ,17:15-18:15,Gergye Laura ,springday
Szerda,2025-10-15,Funkcionális köredzés,17:30-18:30,Széles Natália,springday
Szerda,2025-10-15,Spinning,17:30-18:30,Milovecz Tünde,springday
Szerda,2025-10-15,Szauna felöntés,17:50-18:10,Szaunamester ,springday
Csütörtök,2025-10-16,Aquafitness,17:00-17:45,Andris Anita ,springday
Csütörtök,2025-10-16,Zsírégető,17:00-18:00,Borbély Beatrix,springday
Csütörtök,2025-10-16,Core training. ,17:15-18:15,Juhász Bianka ,springday
Csütörtök,2025-10-16,Funkcionális köredzés,17:30-18:30,Trankó Ida ,springday
Péntek,2025-10-17,Alakformáló,17:00-18:00,Szabó Csenge,springday
Péntek,2025-10-17,Szauna felöntés,17:00-17:20,Szaunamester ,springday
Péntek,2025-10-17,Hatha jóga,17:15-18:15,Kovács Rózsa ,springday
Péntek,2025-10-17,Cross Training,17:30-18:30,Gerencsér Ágnes,springday
Péntek,2025-10-17,Spinning,17:30-18:30,Dankó Krisztina,springday
Péntek,2025-10-17,Szauna felöntés,17:50-18:10,Szaunamester ,springday
Szombat,2025-10-18,Dance Step,17:00-18:00,Tar Edit,springday
Vasárnap,2025-10-19,Pilates.,17:15-18:15,Kovács Rózsa ,springday
Vasárnap,2025-10-19,Szauna felöntés,17:40-18:00,Szaunamester ,springday
Hétfő,2025-10-13,Kangoo,18:00-19:00,Tímea Sifter HU/EN,springday
Hétfő,2025-10-13,Pilates gerinc.,18:15-19:15,Párdi Erika HU/EN,springday
Hétfő,2025-10-13,Cross Training,18:30-19:30,Sas Eszter,springday
Hétfő,2025-10-13,Spinning,18:30-19:30,Gergye Laura ,springday
Kedd,2025-10-14,Hot Iron,18:00-19:00,Andris Anita ,springday
Kedd,2025-10-14,Stretching.,18:15-19:15,Juhász Bianka ,springday
Kedd,2025-10-14,Cross Training,18:30-19:30,Harnos Erika ,springday
Kedd,2025-10-14,Spinning,18:30-19:30,Dankó Krisztina,springday
Szerda,2025-10-15,Kangoo,18:00-19:00,Tímea Sifter HU/EN,springday
Szerda,2025-10-15,Pilates gerinc,18:15-19:15,Párdi Erika HU/EN,springday
Szerda,2025-10-15,Cross Training,18:30-19:30,Sas Eszter,springday
Szerda,2025-10-15,Spinning,18:30-19:30,Gergye Laura ,springday
Szerda,2025-10-15,Szauna felöntés,18:40-19:00,Szaunamester ,springday
Csütörtök,2025-10-16,Hot Iron,18:00-19:00,Andris Anita ,springday
Csütörtök,2025-10-16,Stretching.,18:15-19:15,Juhász Bianka ,springday
Csütörtök,2025-10-16,Cross Training,18:30-19:30,Trankó Ida ,springday
Péntek,2025-10-17,Kangoo,18:00-19:00,Kabai Petra,springday
Péntek,2025-10-17,Kick-box köredzés,18:30-19:30,Kalamár Eszter,springday
Péntek,2025-10-17,Szauna felöntés,18:40-19:00,Szaunamester ,springday
Szombat,2025-10-18,Alakformáló,18:00-19:00,Tar Edit,springday
Vasárnap,2025-10-19,Alakformáló,18:00-19:00,Kis Zsófi,springday
Vasárnap,2025-10-19,Hatha jóga,18:15-19:15,Kovács Rózsa ,springday
Vasárnap,2025-10-19,Szauna felöntés,18:30-18:50,Szaunamester ,springday
Hétfő,2025-10-13,Zsírégető,19:00-20:00,Kis Zsófi,springday
Hétfő,2025-10-13,Hatha jóga,19:15-20:15,Párdi Erika HU/EN,springday
Kedd,2025-10-14,Alakformáló,19:00-20:00,Tar Edit,springday
Szerda,2025-10-15,Zsírégető,19:00-20:00,Kis Zsófi,springday
Szerda,2025-10-15,Hatha jóga,19:15-20:15,Párdi Erika HU/EN,springday
Szerda,2025-10-15,Szauna felöntés,19:30-19:50,Szaunamester ,springday
Csütörtök,2025-10-16,Alakformáló,19:00-20:00,Tar Edit,springday
Péntek,2025-10-17,Alakformáló,19:00-20:00,Hodosi Tamás,springday
Péntek,2025-10-17,Kick-box köredzés,19:30-20:30,Kalamár Eszter,springday
Péntek,2025-10-17,Szauna felöntés,19:30-19:50,Szaunamester ,springday
Hétfő,2025-10-06,Cross Training,06:30-07:30,Borbély Noémi HU/EN,etele
Kedd,2025-10-07,Funkcionális köredzés,06:30-07:30,Kovács Laura,etele
Kedd,2025-10-07,Indoor Cycling ICG,06:45-07:45,Adamkó Szilvi,etele
Szerda,2025-10-08,Cross Training,06:30-07:30,Borbély Noémi HU/EN,etele
Csütörtök,2025-10-09,Funkcionális köredzés,06:30-07:30,Kovács Laura,etele
Péntek,2025-10-10,Cross Training,06:30-07:30,Borbély Noémi HU/EN,etele
Péntek,2025-10-10,Indoor Cycling ICG,06:45-07:45,Trankó Ida ,etele
Kedd,2025-10-07,Gerinctorna+stretching,07:30-08:30,Kovács Laura,etele
Csütörtök,2025-10-09,Gerinctorna+stretching,07:30-08:30,Kovács Laura,etele
Péntek,2025-10-10,Pilates,07:30-08:30,Majoros Anikó,etele
Vasárnap,2025-10-12,TRX köredzés,08:30-09:30,Kovács Laura,etele
Vasárnap,2025-10-12,Funkcionális köredzés,09:30-10:30,Kovács Laura,etele
Vasárnap,2025-10-12,Gerinctorna,09:45-10:30,Kárpáti Móni ,etele
Szombat,2025-10-11,Kangoo,10:00-11:00,Petracsek Virág,etele
Szombat,2025-10-11,Funkcionális köredzés,10:30-11:30,Sánta Stella HU/EN,etele
Vasárnap,2025-10-12,Indoor Cycling ICG,10:45-11:45,Kárpáti Móni ,etele
Vasárnap,2025-10-12,Stretching,10:45-11:45,Kovács Laura,etele
Kedd,2025-10-07,Funkcionális köredzés,11:30-12:30,Boros Orsolya HU/EN,etele
Csütörtök,2025-10-09,Funkcionális köredzés,11:30-12:30,Boros Orsolya HU/EN,etele
Hétfő,2025-10-06,Zsírégető,12:00-13:00,Adamkó Szilvi,etele
Hétfő,2025-10-06,Funkcionális köredzés,12:30-13:30,Szalma Borka,etele
Kedd,2025-10-07,Indoor Cycling ICG,12:00-13:00,Moldova Gyuri HU/EN,etele
Kedd,2025-10-07,Pilates,12:45-13:45,Boros Orsolya HU/EN,etele
Szerda,2025-10-08,Alakformáló,12:00-13:00,Adamkó Szilvi,etele
Szerda,2025-10-08,Funkcionális köredzés,12:30-13:30,Szalma Borka,etele
Csütörtök,2025-10-09,Indoor Cycling ICG,12:00-13:00,Moldova Gyuri HU/EN,etele
Csütörtök,2025-10-09,Pilates,12:45-13:45,Boros Orsolya HU/EN,etele
Péntek,2025-10-10,Alakformáló,12:00-13:00,Gyurkovics Anikó HU/EN,etele
Hétfő,2025-10-06,Pilates,15:45-16:45,Kárpáti Ildikó HU/EN,etele
Szerda,2025-10-08,Pilates,15:45-16:45,Kárpáti Ildikó HU/EN,etele
Hétfő,2025-10-06,Gerinctorna+stretching,16:45-17:45,Kárpáti Ildikó HU/EN,etele
Kedd,2025-10-07,Kezdő funkcionális köredzés ,16:30-17:30,Gyurkovics Anikó HU/EN,etele
Kedd,2025-10-07,Dinamikus jóga,16:45-17:45,Erdős Réka ,etele
Szerda,2025-10-08,Gerinctorna+stretching,16:45-17:45,Kárpáti Ildikó HU/EN,etele
Csütörtök,2025-10-09,Kezdő funkcionális köredzés ,16:30-17:30,Szalma Borka,etele
Csütörtök,2025-10-09,Dinamikus jóga,16:45-17:45,Erdős Réka ,etele
Péntek,2025-10-10,TRX köredzés,16:30-17:30,Kárpáti Ildikó HU/EN,etele
Hétfő,2025-10-06,Alakformáló,17:00-18:00,Szabó Csenge,etele
Hétfő,2025-10-06,Indoor Cycling ICG,17:15-18:15,Dráviczki Sándor,etele
Hétfő,2025-10-06,Funkcionális köredzés,17:30-18:30,Majoros Anikó,etele
Kedd,2025-10-07,Zsírégető,17:00-18:00,Szalma Borka,etele
Kedd,2025-10-07,Indoor Cycling ICG,17:15-18:15,Szőcs Gabi HU/EN,etele
Kedd,2025-10-07,TRX köredzés,17:30-18:30,Gyurkovics Anikó HU/EN,etele
Kedd,2025-10-07,Pilates,17:45-18:45,Erdős Réka ,etele
Szerda,2025-10-08,Alakformáló,17:00-18:00,Szabó Csenge,etele
Szerda,2025-10-08,Indoor Cycling ICG,17:15-18:15,Dráviczki Sándor,etele
Szerda,2025-10-08,Funkcionális köredzés,17:30-18:30,Majoros Anikó,etele
Csütörtök,2025-10-09,Indoor Cycling ICG,17:15-18:15,Szőcs Gabi HU/EN,etele
Csütörtök,2025-10-09,TRX köredzés,17:30-18:30,Gyurkovics Anikó HU/EN,etele
Csütörtök,2025-10-09,Pilates,17:45-18:45,Erdős Réka ,etele
Péntek,2025-10-10,Funkcionális köredzés,17:30-19:00,Majoros Anikó,etele
Péntek,2025-10-10,Pilates,17:45-18:45,Kárpáti Ildikó HU/EN,etele
Szombat,2025-10-11,Alakformáló,17:00-18:00,Szalma Borka,etele
Vasárnap,2025-10-12,Indoor Cycling ICG,17:15-18:15,Szőcs Gabi HU/EN,etele
Vasárnap,2025-10-12,Funkcionális köredzés,17:30-18:30,Szalma Borka,etele
Hétfő,2025-10-06,Zsírégető,18:00-19:00,Adamkó Szilvi,etele
Hétfő,2025-10-06,Indoor Cycling ICG,18:15-19:15,Dráviczki Sándor,etele
Hétfő,2025-10-06,TRX köredzés,18:30-19:30,Kárpáti Ildikó HU/EN,etele
Hétfő,2025-10-06,Dinamikus pilates,18:45-19:45,Szalma Borka,etele
Kedd,2025-10-07,Hot Iron I,18:00-19:00,Göde Dorka,etele
Kedd,2025-10-07,Indoor Cycling ICG,18:15-19:15,Kárpáti Móni ,etele
Kedd,2025-10-07,Funkcionális köredzés,18:30-19:30,Szalma Borka,etele
Kedd,2025-10-07,Gerinctorna,18:45-19:45,Reitter Zsófia,etele
Szerda,2025-10-08,Zsírégető,18:00-19:00,Adamkó Szilvi,etele
Szerda,2025-10-08,Indoor Cycling ICG,18:15-19:15,Dráviczki Sándor,etele
Szerda,2025-10-08,TRX köredzés,18:30-19:30,Kárpáti Ildikó HU/EN,etele
Szerda,2025-10-08,Dinamikus pilates,18:45-19:45,Szalma Borka,etele
Csütörtök,2025-10-09,Hot Iron II,18:00-19:00,Göde Dorka,etele
Csütörtök,2025-10-09,Indoor Cycling ICG,18:15-19:15,Kárpáti Móni ,etele
Csütörtök,2025-10-09,Funkcionális köredzés,18:30-19:30,Szalma Borka,etele
Csütörtök,2025-10-09,Gerinctorna,18:45-19:45,Reitter Zsófia,etele
Péntek,2025-10-10,Hot Iron Cross,18:00-19:00,Göde Dorka,etele
Péntek,2025-10-10,Indoor Cycling ICG,18:15-19:15,Molnár Tibor ,etele
Péntek,2025-10-10,Jóga,18:45-19:45,Boros Orsolya HU/EN,etele
Szombat,2025-10-11,Cross Training,18:00-19:00,Szalma Borka,etele
Vasárnap,2025-10-12,Pilates,18:00-19:00,Oli Renáta,etele
Vasárnap,2025-10-12,Indoor Cycling ICG,18:15-19:15,Szőcs Gabi HU/EN,etele
Hétfő,2025-10-06,Kangoo,19:00-20:00,Petracsek Virág,etele
Hétfő,2025-10-06,Indoor Cycling ICG,19:15-20:15,Adamkó Szilvi,etele
Hétfő,2025-10-06,Cross Training,19:30-20:30,Kárpáti Ildikó HU/EN,etele
Hétfő,2025-10-06,Pilates,19:45-20:45,Oli Renáta,etele
Kedd,2025-10-07,Alakformáló,19:00-20:00,Gyurkovics Anikó HU/EN,etele
Kedd,2025-10-07,Indoor Cycling ICG,19:15-20:15,Ujhelyi Zsuzsi HU/EN,etele
Kedd,2025-10-07,Cross Training,19:30-20:30,Göde Dorka,etele
Szerda,2025-10-08,Kangoo,19:00-20:00,Petracsek Virág,etele
Szerda,2025-10-08,Indoor Cycling ICG,19:15-20:15,Adamkó Szilvi,etele
Szerda,2025-10-08,Cross Training,19:30-20:30,Kárpáti Ildikó HU/EN,etele
Szerda,2025-10-08,Pilates,19:45-20:45,Oli Renáta,etele
Csütörtök,2025-10-09,Alakformáló,19:00-20:00,Gyurkovics Anikó HU/EN,etele
Csütörtök,2025-10-09,Indoor Cycling ICG,19:15-20:15,Ujhelyi Zsuzsi HU/EN,etele
Csütörtök,2025-10-09,Cross Training,19:30-20:30,Göde Dorka,etele
Péntek,2025-10-10,Cross Training,19:00-20:00,Kárpáti Ildikó HU/EN,etele
Hétfő,2025-10-13,Cross Training,06:30-07:30,Borbély Noémi HU/EN,etele
Kedd,2025-10-14,Funkcionális köredzés,06:30-07:30,Kovács Laura,etele
Kedd,2025-10-14,Indoor Cycling ICG,06:45-07:45,Adamkó Szilvi,etele
Szerda,2025-10-15,Cross Training,06:30-07:30,Borbély Noémi HU/EN,etele
Csütörtök,2025-10-16,Funkcionális köredzés,06:30-07:30,Kovács Laura,etele
Péntek,2025-10-17,Cross Training,06:30-07:30,Borbély Noémi HU/EN,etele
Péntek,2025-10-17,Indoor Cycling ICG,06:45-07:45,Adamkó Szilvi,etele
Kedd,2025-10-14,Gerinctorna+stretching,07:30-08:30,Kovács Laura,etele
Csütörtök,2025-10-16,Gerinctorna+stretching,07:30-08:30,Kovács Laura,etele
Péntek,2025-10-17,Pilates,07:30-08:30,Majoros Anikó,etele
Szombat,2025-10-18,Dinamikus jóga,08:45-09:45,Erdős Réka ,etele
Vasárnap,2025-10-19,Gerinctorna,09:45-10:30,Kárpáti Móni ,etele
Szombat,2025-10-18,Kangoo,10:00-11:00,Petracsek Virág,etele
Szombat,2025-10-18,Funkcionális köredzés,10:30-11:30,Sánta Stella HU/EN,etele
Vasárnap,2025-10-19,Indoor Cycling ICG,10:45-11:45,Kárpáti Móni ,etele
Kedd,2025-10-14,Funkcionális köredzés,11:30-12:30,Boros Orsolya HU/EN,etele
Csütörtök,2025-10-16,Funkcionális köredzés,11:30-12:30,Boros Orsolya HU/EN,etele
Hétfő,2025-10-13,Zsírégető,12:00-13:00,Adamkó Szilvi,etele
Hétfő,2025-10-13,Funkcionális köredzés,12:30-13:30,Szalma Borka,etele
Kedd,2025-10-14,Indoor Cycling ICG,12:00-13:00,Moldova Gyuri HU/EN,etele
Kedd,2025-10-14,Pilates,12:45-13:45,Boros Orsolya HU/EN,etele
Szerda,2025-10-15,Alakformáló,12:00-13:00,Adamkó Szilvi,etele
Szerda,2025-10-15,Funkcionális köredzés,12:30-13:30,Szalma Borka,etele
Csütörtök,2025-10-16,Indoor Cycling ICG,12:00-13:00,Moldova Gyuri HU/EN,etele
Csütörtök,2025-10-16,Pilates,12:45-13:45,Boros Orsolya HU/EN,etele
Péntek,2025-10-17,Alakformáló,12:00-13:00,Adamkó Szilvi,etele
Hétfő,2025-10-13,Pilates,15:45-16:45,Kárpáti Ildikó HU/EN,etele
Szerda,2025-10-15,Pilates,15:45-16:45,Kárpáti Ildikó HU/EN,etele
Hétfő,2025-10-13,Gerinctorna+stretching,16:45-17:45,Kárpáti Ildikó HU/EN,etele
Kedd,2025-10-14,Kezdő funkcionális köredzés ,16:30-17:30,Szentgyörgyi Lilien,etele
Szerda,2025-10-15,Gerinctorna+stretching,16:45-17:45,Kárpáti Ildikó HU/EN,etele
Csütörtök,2025-10-16,Kezdő funkcionális köredzés ,16:30-17:30,Szalma Borka,etele
Csütörtök,2025-10-16,Gerinctorna,16:45-17:45,Balogh Borbála,etele
Péntek,2025-10-17,TRX köredzés,16:30-17:30,Kárpáti Ildikó HU/EN,etele
Hétfő,2025-10-13,Alakformáló,17:00-18:00,Szabó Csenge,etele
Hétfő,2025-10-13,Indoor Cycling ICG,17:15-18:15,Dráviczki Sándor,etele
Hétfő,2025-10-13,Funkcionális köredzés,17:30-18:30,Majoros Anikó,etele
Hétfő,2025-10-13,Dinamikus jóga,17:45-18:45,Zsombok-Macsári Dzsenifer ,etele
Kedd,2025-10-14,Zsírégető,17:00-18:00,Szalma Borka,etele
Kedd,2025-10-14,Indoor Cycling ICG,17:15-18:15,Szőcs Gabi HU/EN,etele
Kedd,2025-10-14,TRX köredzés,17:30-18:30,Gyurkovics Anikó HU/EN,etele
Szerda,2025-10-15,Alakformáló,17:00-18:00,Adamkó Szilvi,etele
Szerda,2025-10-15,Indoor Cycling ICG,17:15-18:15,Dráviczki Sándor,etele
Szerda,2025-10-15,Funkcionális köredzés,17:30-18:30,Majoros Anikó,etele
Szerda,2025-10-15,Dinamikus jóga,17:45-18:45,Zsombok-Macsári Dzsenifer ,etele
Csütörtök,2025-10-16,Indoor Cycling ICG,17:15-18:15,Szőcs Gabi HU/EN,etele
Csütörtök,2025-10-16,TRX köredzés,17:30-18:30,Gyurkovics Anikó HU/EN,etele
Csütörtök,2025-10-16,Stretching,17:45-18:45,Balogh Borbála,etele
Péntek,2025-10-17,Funkcionális köredzés,17:30-19:00,Majoros Anikó,etele
Péntek,2025-10-17,Pilates,17:45-18:45,Kárpáti Ildikó HU/EN,etele
Szombat,2025-10-18,Alakformáló,17:00-18:00,Szalma Borka,etele
Vasárnap,2025-10-19,Indoor Cycling ICG,17:15-18:15,Szőcs Gabi HU/EN,etele
Vasárnap,2025-10-19,Funkcionális köredzés,17:30-18:30,Szalma Borka,etele
Hétfő,2025-10-13,Zsírégető,18:00-19:00,Adamkó Szilvi,etele
Hétfő,2025-10-13,Indoor Cycling ICG,18:15-19:15,Dráviczki Sándor,etele
Hétfő,2025-10-13,TRX köredzés,18:30-19:30,Kárpáti Ildikó HU/EN,etele
Hétfő,2025-10-13,Dinamikus pilates,18:45-19:45,Szalma Borka,etele
Kedd,2025-10-14,Hot Iron I,18:00-19:00,Göde Dorka,etele
Kedd,2025-10-14,Indoor Cycling ICG,18:15-19:15,Kárpáti Móni ,etele
Kedd,2025-10-14,Funkcionális köredzés,18:30-19:30,Szalma Borka,etele
Kedd,2025-10-14,Gerinctorna,18:45-19:45,Reitter Zsófia,etele
Szerda,2025-10-15,Zsírégető,18:00-19:00,Adamkó Szilvi,etele
Szerda,2025-10-15,Indoor Cycling ICG,18:15-19:15,Dráviczki Sándor,etele
Szerda,2025-10-15,TRX köredzés,18:30-19:30,Kárpáti Ildikó HU/EN,etele
Szerda,2025-10-15,Dinamikus pilates,18:45-19:45,Szalma Borka,etele
Csütörtök,2025-10-16,Hot Iron II,18:00-19:00,Göde Dorka,etele
Csütörtök,2025-10-16,Indoor Cycling ICG,18:15-19:15,Kárpáti Móni ,etele
Csütörtök,2025-10-16,Funkcionális köredzés,18:30-19:30,Szalma Borka,etele
Csütörtök,2025-10-16,Gerinctorna,18:45-19:45,Reitter Zsófia,etele
Péntek,2025-10-17,Hot Iron Cross,18:00-19:00,Göde Dorka,etele
Péntek,2025-10-17,Jóga,18:45-19:45,Boros Orsolya HU/EN,etele
Szombat,2025-10-18,Cross Training,18:00-19:00,Szalma Borka,etele
Vasárnap,2025-10-19,Pilates,18:00-19:00,Oli Renáta,etele
Vasárnap,2025-10-19,Indoor Cycling ICG,18:15-19:15,Szőcs Gabi HU/EN,etele
Hétfő,2025-10-13,Kangoo,19:00-20:00,Petracsek Virág,etele
Hétfő,2025-10-13,Indoor Cycling ICG,19:15-20:15,Adamkó Szilvi,etele
Hétfő,2025-10-13,Cross Training,19:30-20:30,Kárpáti Ildikó HU/EN,etele
Hétfő,2025-10-13,Pilates,19:45-20:45,Oli Renáta,etele
Kedd,2025-10-14,Alakformáló,19:00-20:00,Gyurkovics Anikó HU/EN,etele
Kedd,2025-10-14,Indoor Cycling ICG,19:15-20:15,Ujhelyi Zsuzsi HU/EN,etele
Kedd,2025-10-14,Cross Training,19:30-20:30,Göde Dorka,etele
Szerda,2025-10-15,Kangoo,19:00-20:00,Petracsek Virág,etele
Szerda,2025-10-15,Indoor Cycling ICG,19:15-20:15,Adamkó Szilvi,etele
Szerda,2025-10-15,Cross Training,19:30-20:30,Kárpáti Ildikó HU/EN,etele
Szerda,2025-10-15,Pilates,19:45-20:45,Oli Renáta,etele
Csütörtök,2025-10-16,Alakformáló,19:00-20:00,Gyurkovics Anikó HU/EN,etele
Csütörtök,2025-10-16,Indoor Cycling ICG,19:15-20:15,Ujhelyi Zsuzsi HU/EN,etele
Csütörtök,2025-10-16,Cross Training,19:30-20:30,Göde Dorka,etele
Péntek,2025-10-17,Cross Training,19:00-20:00,Kárpáti Ildikó HU/EN,etele
Hétfő,2025-10-06,Cross Training,07:30-08:30,Kárpáti Ildikó HU/EN,vaci35
Kedd,2025-10-07,Funkcionális köredzés,07:30-08:30,Tóth Anett,vaci35
Szerda,2025-10-08,Cross Training,07:30-08:30,Kárpáti Ildikó HU/EN,vaci35
Szerda,2025-10-08,Kezdő dance step,07:30-08:30,Harnos Erika ,vaci35
Csütörtök,2025-10-09,Funkcionális köredzés,07:30-08:30,Harnos Erika ,vaci35
Hétfő,2025-10-06,Pilates,08:30-09:30,Kárpáti Ildikó HU/EN,vaci35
Szerda,2025-10-08,Pilates,08:30-09:30,Kárpáti Ildikó HU/EN,vaci35
Szombat,2025-10-11,Alakformáló,08:30-09:30,Nagy Zsuzsa,vaci35
Kedd,2025-10-07,Funkcionális köredzés,12:30-13:30,Szalma Borka,vaci35
Csütörtök,2025-10-09,Funkcionális köredzés,12:30-13:30,Szalma Borka,vaci35
Hétfő,2025-10-06,Salsa Fitness,16:00-17:00,Osvaldo,vaci35
Kedd,2025-10-07,Pilates,16:00-17:00,Kárpáti Ildikó HU/EN,vaci35
Szerda,2025-10-08,Full kondi,16:00-17:00,Samu Kriszti,vaci35
Csütörtök,2025-10-09,Pilates,16:00-17:00,Kárpáti Ildikó HU/EN,vaci35
Hétfő,2025-10-06,Flow jóga,17:00-18:00,Völgyes Flávia,vaci35
Hétfő,2025-10-06,Alakformáló,17:00-18:00,Samu Kriszti,vaci35
Kedd,2025-10-07,TRX,17:00-18:00,Kárpáti Ildikó HU/EN,vaci35
Kedd,2025-10-07,Zsírégető,17:00-18:00,Berki Betti ,vaci35
Szerda,2025-10-08,Alakformáló,17:00-18:00,Samu Kriszti,vaci35
Csütörtök,2025-10-09,TRX,17:00-18:00,Nagy Zsuzsa,vaci35
Csütörtök,2025-10-09,Zsírégető,17:00-18:00,Kabai Petra,vaci35
Péntek,2025-10-10,Pilates,17:00-18:00,Völgyes Flávia,vaci35
Vasárnap,2025-10-12,Funkcionális köredzés,17:15-18:15,Serrano Gergő HU/EN,vaci35
Hétfő,2025-10-06,Hot Iron Cross,18:00-19:00,Szalka Andi,vaci35
Hétfő,2025-10-06,Cross Training,18:15-19:15,Kempelen Zita,vaci35
Kedd,2025-10-07,Cross Training,18:00-19:00,Fodor Gabriella,vaci35
Kedd,2025-10-07,Alakformáló,18:00-19:00,Stein Fanni,vaci35
Szerda,2025-10-08,Hot Iron II,18:00-19:00,Szalka Andi,vaci35
Szerda,2025-10-08,Cross Training,18:15-19:15,Kempelen Zita,vaci35
Csütörtök,2025-10-09,Alakformáló,18:00-19:00,Nagy Zsuzsa,vaci35
Csütörtök,2025-10-09,Cross Training,18:00-19:00,Fodor Gabriella,vaci35
Péntek,2025-10-10,Jóga & Stretching,18:00-19:00,Völgyes Flávia,vaci35
Péntek,2025-10-10,Alakformáló,18:30-19:30,Molnár Dani,vaci35
Vasárnap,2025-10-12,Alakformáló,18:00-19:00,Katona Reni,vaci35
Vasárnap,2025-10-12,TRX köredzés,18:15-19:15,Serrano Gergő HU/EN,vaci35
Hétfő,2025-10-06,Zsírégető,19:00-20:00,Molnár Dani,vaci35
Kedd,2025-10-07,Hot Iron II,19:00-20:00,Hóbel Timi ,vaci35
Kedd,2025-10-07,Zsákos köredzés,19:00-20:00,Takács Henriett,vaci35
Szerda,2025-10-08,Pilates,19:00-20:00,Völgyes Flávia,vaci35
Szerda,2025-10-08,Funkcionális köredzés,19:15-20:15,Molnár Dani,vaci35
Csütörtök,2025-10-09,Hot Iron Cross,19:00-20:00,Hóbel Timi ,vaci35
Csütörtök,2025-10-09,Zsákos köredzés,19:00-20:00,Takács Henriett,vaci35
Hétfő,2025-10-13,Cross Training,07:30-08:30,Kárpáti Ildikó HU/EN,vaci35
Kedd,2025-10-14,Funkcionális köredzés,07:30-08:30,Tóth Anett,vaci35
Szerda,2025-10-15,Cross Training,07:30-08:30,Kárpáti Ildikó HU/EN,vaci35
Szerda,2025-10-15,Kezdő dance step,07:30-08:30,Harnos Erika ,vaci35
Csütörtök,2025-10-16,Funkcionális köredzés,07:30-08:30,Harnos Erika ,vaci35
Hétfő,2025-10-13,Pilates,08:30-09:30,Kárpáti Ildikó HU/EN,vaci35
Szerda,2025-10-15,Pilates,08:30-09:30,Kárpáti Ildikó HU/EN,vaci35
Szombat,2025-10-18,Alakformáló,08:30-09:30,Nagy Zsuzsa,vaci35
Kedd,2025-10-14,Funkcionális köredzés,12:30-13:30,Szalma Borka,vaci35
Csütörtök,2025-10-16,Funkcionális köredzés,12:30-13:30,Szalma Borka,vaci35
Hétfő,2025-10-13,Salsa Fitness,16:00-17:00,Osvaldo,vaci35
Kedd,2025-10-14,Pilates,16:00-17:00,Kárpáti Ildikó HU/EN,vaci35
Csütörtök,2025-10-16,Pilates,16:00-17:00,Kárpáti Ildikó HU/EN,vaci35
Hétfő,2025-10-13,Alakformáló,17:00-18:00,Samu Kriszti,vaci35
Hétfő,2025-10-13,Flow jóga,17:00-18:00,Völgyes Flávia,vaci35
Kedd,2025-10-14,TRX,17:00-18:00,Kárpáti Ildikó HU/EN,vaci35
Kedd,2025-10-14,Zsírégető,17:00-18:00,Kabai Petra,vaci35
Szerda,2025-10-15,Alakformáló,17:00-18:00,Samu Kriszti,vaci35
Csütörtök,2025-10-16,TRX,17:00-18:00,Nagy Zsuzsa,vaci35
Csütörtök,2025-10-16,Zsírégető,17:00-18:00,Kabai Petra,vaci35
Péntek,2025-10-17,Funkcionális köredzés,17:00-18:00,Virág Vera,vaci35
Péntek,2025-10-17,Pilates,17:00-18:00,Völgyes Flávia,vaci35
Vasárnap,2025-10-19,Funkcionális köredzés,17:15-18:15,Serrano Gergő HU/EN,vaci35
Hétfő,2025-10-13,Hot Iron Cross,18:00-19:00,Szalka Andi,vaci35
Hétfő,2025-10-13,Cross Training,18:15-19:15,Gerencsér Ágnes,vaci35
Kedd,2025-10-14,Alakformáló,18:00-19:00,Stein Fanni,vaci35
Kedd,2025-10-14,Cross Training,18:00-19:00,Fodor Gabriella,vaci35
Szerda,2025-10-15,Hot Iron II,18:00-19:00,Szalka Andi,vaci35
Szerda,2025-10-15,Cross Training,18:15-19:15,Kempelen Zita,vaci35
Csütörtök,2025-10-16,Alakformáló,18:00-19:00,Nagy Zsuzsa,vaci35
Csütörtök,2025-10-16,Cross Training,18:00-19:00,Fodor Gabriella,vaci35
Péntek,2025-10-17,Jóga & Stretching,18:00-19:00,Völgyes Flávia,vaci35
Péntek,2025-10-17,Alakformáló,18:30-19:30,Molnár Dani,vaci35
Vasárnap,2025-10-19,Alakformáló,18:00-19:00,Katona Reni,vaci35
Vasárnap,2025-10-19,TRX köredzés,18:15-19:15,Serrano Gergő HU/EN,vaci35
Hétfő,2025-10-13,Zsírégető,19:00-20:00,Molnár Dani,vaci35
Kedd,2025-10-14,Hot Iron II,19:00-20:00,Hóbel Timi ,vaci35
Kedd,2025-10-14,Zsákos köredzés,19:00-20:00,Takács Henriett,vaci35
Szerda,2025-10-15,Pilates,19:00-20:00,Völgyes Flávia,vaci35
Szerda,2025-10-15,Funkcionális köredzés,19:15-20:15,Molnár Dani,vaci35
Csütörtök,2025-10-16,Hot Iron Cross,19:00-20:00,Hóbel Timi ,vaci35
Csütörtök,2025-10-16,Zsákos köredzés,19:00-20:00,Takács Henriett,vaci35
